0,-80,-80,-80,-80,-80,-80,-80,-80,-80,-80,-80,-80,-80,-80,-80,-80,-80,-80,-80,-80,-80,-80,-80,-80,-80,-80,-80,-80,-80,-80,-80,-80,-80,-80,-80,-80
0.005,-79.9985,-79.9988,-79.9988,-79.9988,-79.9988,-79.9988,-79.9988,-79.9988,-79.9988,-79.9988,-79.9988,-79.9988,-79.9988,-79.9988,-79.9988,-79.9988,-79.9988,-79.9988,-79.9988,-79.9988,-79.9988,-79.9988,-79.9988,-79.9988,-79.9988,-79.9988,-79.9988,-79.9988,-79.9988,-79.9988,-79.9988,-79.9988,-79.9988,-79.9988,-79.9988,-79.9989
0.01,-79.9984,-79.998,-79.9979,-79.9979,-79.9979,-79.9979,-79.9979,-79.9979,-79.9979,-79.9979,-79.9979,-79.9979,-79.9979,-79.9979,-79.9979,-79.9979,-79.9979,-79.9979,-79.9979,-79.9979,-79.9979,-79.9979,-79.9979,-79.9979,-79.9979,-79.9979,-79.9979,-79.9979,-79.9979,-79.9979,-79.9979,-79.9979,-79.9979,-79.998,-79.998,-79.9981
0.015,-79.9984,-79.9975,-79.9973,-79.9973,-79.9973,-79.9973,-79.9972,-79.9972,-79.9972,-79.9972,-79.9972,-79.9972,-79.9972,-79.9972,-79.9972,-79.9972,-79.9972,-79.9972,-79.9972,-79.9972,-79.9972,-79.9972,-79.9972,-79.9972,-79.9972,-79.9972,-79.9972,-79.9972,-79.9972,-79.9972,-79.9973,-79.9973,-79.9973,-79.9973,-79.9973,-79.9975
0.02,-79.9984,-79.9972,-79.9968,-79.9967,-79.9967,-79.9967,-79.9967,-79.9967,-79.9967,-79.9967,-79.9967,-79.9967,-79.9967,-79.9967,-79.9967,-79.9967,-79.9967,-79.9967,-79.9967,-79.9967,-79.9967,-79.9967,-79.9967,-79.9967,-79.9967,-79.9967,-79.9967,-79.9967,-79.9967,-79.9967,-79.9967,-79.9967,-79.9967,-79.9967,-79.9968,-79.997
0.025,-79.9984,-79.9969,-79.9964,-79.9962,-79.9962,-79.9962,-79.9962,-79.9962,-79.9962,-79.9962,-79.9962,-79.9962,-79.9962,-79.9962,-79.9962,-79.9962,-79.9962,-79.9962,-79.9962,-79.9962,-79.9962,-79.9962,-79.9962,-79.9962,-79.9962,-79.9962,-79.9962,-79.9962,-79.9962,-79.9962,-79.9962,-79.9962,-79.9962,-79.9962,-79.9963,-79.9965
0.03,-79.9984,-79.9967,-79.9961,-79.9959,-79.9958,-79.9958,-79.9958,-79.9958,-79.9958,-79.9958,-79.9958,-79.9958,-79.9958,-79.9958,-79.9958,-79.9958,-79.9958,-79.9958,-79.9958,-79.9958,-79.9958,-79.9958,-79.9958,-79.9958,-79.9958,-79.9958,-79.9958,-79.9958,-79.9958,-79.9958,-79.9958,-79.9958,-79.9958,-79.9958,-79.9959,-79.9961
0.035,-79.9984,-79.9965,-79.9958,-79.9955,-79.9954,-79.9954,-79.9954,-79.9954,-79.9954,-79.9954,-79.9954,-79.9954,-79.9954,-79.9954,-79.9954,-79.9954,-79.9954,-79.9954,-79.9954,-79.9954,-79.9954,-79.9954,-79.9954,-79.9954,-79.9954,-79.9954,-79.9954,-79.9954,-79.9954,-79.9954,-79.9954,-79.9954,-79.9954,-79.9954,-79.9955,-79.9957
0.04,-79.9984,-79.9964,-79.9955,-79.9952,-79.9951,-79.9951,-79.9951,-79.9951,-79.9951,-79.9951,-79.9951,-79.9951,-79.9951,-79.9951,-79.9951,-79.9951,-79.9951,-79.9951,-79.9951,-79.9951,-79.9951,-79.9951,-79.9951,-79.9951,-79.9951,-79.9951,-79.9951,-79.9951,-79.9951,-79.9951,-79.9951,-79.9951,-79.9951,-79.9951,-79.9952,-79.9954
0.045,-79.9984,-79.9962,-79.9953,-79.995,-79.9948,-79.9948,-79.9948,-79.9948,-79.9948,-79.9947,-79.9947,-79.9947,-79.9947,-79.9947,-79.9947,-79.9947,-79.9947,-79.9947,-79.9947,-79.9947,-79.9947,-79.9947,-79.9947,-79.9947,-79.9947,-79.9947,-79.9947,-79.9947,-79.9947,-79.9948,-79.9948,-79.9948,-79.9948,-79.9948,-79.9949,-79.9951
0.05,-79.9984,-79.9961,-79.9951,-79.9947,-79.9946,-79.9945,-79.9945,-79.9945,-79.9945,-79.9945,-79.9945,-79.9945,-79.9945,-79.9945,-79.9945,-79.9945,-79.9945,-79.9945,-79.9945,-79.9945,-79.9945,-79.9945,-79.9945,-79.9945,-79.9945,-79.9945,-79.9945,-79.9945,-79.9945,-79.9945,-79.9945,-79.9945,-79.9945,-79.9945,-79.9946,-79.9948
0.055,-79.9984,-79.996,-79.9949,-79.9945,-79.9943,-79.9942,-79.9942,-79.9942,-79.9942,-79.9942,-79.9942,-79.9942,-79.9942,-79.9942,-79.9942,-79.9942,-79.9942,-79.9942,-79.9942,-79.9942,-79.9942,-79.9942,-79.9942,-79.9942,-79.9942,-79.9942,-79.9942,-79.9942,-79.9942,-79.9942,-79.9942,-79.9942,-79.9942,-79.9943,-79.9944,-79.9945
0.06,-79.9984,-79.9959,-79.9948,-79.9943,-79.9941,-79.994,-79.994,-79.994,-79.994,-79.994,-79.994,-79.994,-79.994,-79.994,-79.994,-79.994,-79.994,-79.994,-79.994,-79.994,-79.994,-79.994,-79.994,-79.994,-79.994,-79.994,-79.994,-79.994,-79.994,-79.994,-79.994,-79.994,-79.994,-79.994,-79.9941,-79.9943
0.065,-79.9984,-79.9958,-79.9946,-79.9941,-79.9939,-79.9938,-79.9938,-79.9937,-79.9937,-79.9937,-79.9937,-79.9937,-79.9937,-79.9937,-79.9937,-79.9937,-79.9937,-79.9937,-79.9937,-79.9937,-79.9937,-79.9937,-79.9937,-79.9937,-79.9937,-79.9937,-79.9937,-79.9937,-79.9937,-79.9937,-79.9937,-79.9937,-79.9938,-79.9938,-79.9939,-79.9941
0.07,-79.9984,-79.9957,-79.9945,-79.9939,-79.9937,-79.9936,-79.9935,-79.9935,-79.9935,-79.9935,-79.9935,-79.9935,-79.9935,-79.9935,-79.9935,-79.9935,-79.9935,-79.9935,-79.9935,-79.9935,-79.9935,-79.9935,-79.9935,-79.9935,-79.9935,-79.9935,-79.9935,-79.9935,-79.9935,-79.9935,-79.9935,-79.9935,-79.9936,-79.9936,-79.9937,-79.9939
0.075,-79.9984,-79.9957,-79.9944,-79.9938,-79.9935,-79.9934,-79.9933,-79.9933,-79.9933,-79.9933,-79.9933,-79.9933,-79.9933,-79.9933,-79.9933,-79.9933,-79.9933,-79.9933,-79.9933,-79.9933,-79.9933,-79.9933,-79.9933,-79.9933,-79.9933,-79.9933,-79.9933,-79.9933,-79.9933,-79.9933,-79.9933,-79.9933,-79.9933,-79.9934,-79.9935,-79.9937
0.08,-79.9984,-79.9956,-79.9942,-79.9936,-79.9933,-79.9932,-79.9931,-79.9931,-79.9931,-79.9931,-79.9931,-79.9931,-79.9931,-79.9931,-79.9931,-79.9931,-79.9931,-79.9931,-79.9931,-79.9931,-79.9931,-79.9931,-79.9931,-79.9931,-79.9931,-79.9931,-79.9931,-79.9931,-79.9931,-79.9931,-79.9931,-79.9931,-79.9932,-79.9932,-79.9933,-79.9935
0.085,-79.9984,-79.9955,-79.9941,-79.9935,-79.9932,-79.993,-79.993,-79.9929,-79.9929,-79.9929,-79.9929,-79.9929,-79.9929,-79.9929,-79.9929,-79.9929,-79.9929,-79.9929,-79.9929,-79.9929,-79.9929,-79.9929,-79.9929,-79.9929,-79.9929,-79.9929,-79.9929,-79.9929,-79.9929,-79.9929,-79.9929,-79.993,-79.993,-79.993,-79.9931,-79.9933
0.09,-79.9984,-79.9955,-79.994,-79.9933,-79.993,-79.9929,-79.9928,-79.9928,-79.9928,-79.9928,-79.9928,-79.9928,-79.9928,-79.9928,-79.9928,-79.9928,-79.9928,-79.9928,-79.9928,-79.9928,-79.9928,-79.9928,-79.9928,-79.9928,-79.9928,-79.9928,-79.9928,-79.9928,-79.9928,-79.9928,-79.9928,-79.9928,-79.9928,-79.9928,-79.9929,-79.9931
0.095,-79.9984,-79.9954,-79.9939,-79.9932,-79.9929,-79.9927,-79.9926,-79.9926,-79.9926,-79.9926,-79.9926,-79.9926,-79.9926,-79.9926,-79.9926,-79.9926,-79.9926,-79.9926,-79.9926,-79.9926,-79.9926,-79.9926,-79.9926,-79.9926,-79.9926,-79.9926,-79.9926,-79.9926,-79.9926,-79.9926,-79.9926,-79.9926,-79.9926,-79.9927,-79.9928,-79.993
0.1,-79.9984,-79.9953,-79.9938,-79.9931,-79.9927,-79.9926,-79.9925,-79.9924,-79.9924,-79.9924,-79.9924,-79.9924,-79.9924,-79.9924,-79.9924,-79.9924,-79.9924,-79.9924,-79.9924,-79.9924,-79.9924,-79.9924,-79.9924,-79.9924,-79.9924,-79.9924,-79.9924,-79.9924,-79.9924,-79.9924,-79.9924,-79.9924,-79.9925,-79.9925,-79.9926,-79.9928
0.105,-79.9984,-79.9953,-79.9937,-79.993,-79.9926,-79.9924,-79.9923,-79.9923,-79.9923,-79.9923,-79.9923,-79.9923,-79.9923,-79.9923,-79.9923,-79.9923,-79.9923,-79.9923,-79.9923,-79.9923,-79.9923,-79.9923,-79.9923,-79.9923,-79.9923,-79.9923,-79.9923,-79.9923,-79.9923,-79.9923,-79.9923,-79.9923,-79.9923,-79.9924,-79.9925,-79.9926
0.11,-79.9984,-79.9952,-79.9936,-79.9928,-79.9925,-79.9923,-79.9922,-79.9921,-79.9921,-79.9921,-79.9921,-79.9921,-79.9921,-79.9921,-79.9921,-79.9921,-79.9921,-79.9921,-79.9921,-79.9921,-79.9921,-79.9921,-79.9921,-79.9921,-79.9921,-79.9921,-79.9921,-79.9921,-79.9921,-79.9921,-79.9921,-79.9921,-79.9922,-79.9922,-79.9923,-79.9925
0.115,-79.9984,-79.9952,-79.9936,-79.9927,-79.9923,-79.9921,-79.9921,-79.992,-79.992,-79.992,-79.992,-79.992,-79.992,-79.992,-79.992,-79.992,-79.992,-79.992,-79.992,-79.992,-79.992,-79.992,-79.992,-79.992,-79.992,-79.992,-79.992,-79.992,-79.992,-79.992,-79.992,-79.992,-79.992,-79.9921,-79.9922,-79.9924
0.12,-79.9984,-79.9952,-79.9935,-79.9926,-79.9922,-79.992,-79.9919,-79.9919,-79.9919,-79.9919,-79.9919,-79.9919,-79.9919,-79.9918,-79.9918,-79.9918,-79.9918,-79.9918,-79.9918,-79.9918,-79.9918,-79.9918,-79.9918,-79.9918,-79.9918,-79.9918,-79.9919,-79.9919,-79.9919,-79.9919,-79.9919,-79.9919,-79.9919,-79.992,-79.9921,-79.9922
0.125,-79.9984,-79.9951,-79.9934,-79.9925,-79.9921,-79.9919,-79.9918,-79.9918,-79.9917,-79.9917,-79.9917,-79.9917,-79.9917,-79.9917,-79.9917,-79.9917,-79.9917,-79.9917,-79.9917,-79.9917,-79.9917,-79.9917,-79.9917,-79.9917,-79.9917,-79.9917,-79.9917,-79.9917,-79.9917,-79.9917,-79.9917,-79.9917,-79.9918,-79.9918,-79.9919,-79.9921
0.13,-79.9984,-79.9951,-79.9933,-79.9924,-79.992,-79.9918,-79.9917,-79.9916,-79.9916,-79.9916,-79.9916,-79.9916,-79.9916,-79.9916,-79.9916,-79.9916,-79.9916,-79.9916,-79.9916,-79.9916,-79.9916,-79.9916,-79.9916,-79.9916,-79.9916,-79.9916,-79.9916,-79.9916,-79.9916,-79.9916,-79.9916,-79.9916,-79.9917,-79.9917,-79.9918,-79.992
0.135,-79.9984,-79.995,-79.9933,-79.9924,-79.9919,-79.9917,-79.9916,-79.9915,-79.9915,-79.9915,-79.9915,-79.9915,-79.9915,-79.9915,-79.9915,-79.9915,-79.9915,-79.9915,-79.9915,-79.9915,-79.9915,-79.9915,-79.9915,-79.9915,-79.9915,-79.9915,-79.9915,-79.9915,-79.9915,-79.9915,-79.9915,-79.9915,-79.9915,-79.9916,-79.9917,-79.9919
0.14,-79.9984,-79.995,-79.9932,-79.9923,-79.9918,-79.9916,-79.9915,-79.9914,-79.9914,-79.9914,-79.9914,-79.9914,-79.9914,-79.9914,-79.9914,-79.9914,-79.9914,-79.9914,-79.9914,-79.9914,-79.9914,-79.9914,-79.9914,-79.9914,-79.9914,-79.9914,-79.9914,-79.9914,-79.9914,-79.9914,-79.9914,-79.9914,-79.9914,-79.9915,-79.9916,-79.9918
0.145,-79.9984,-79.995,-79.9931,-79.9922,-79.9917,-79.9915,-79.9913,-79.9913,-79.9913,-79.9913,-79.9912,-79.9912,-79.9912,-79.9912,-79.9912,-79.9912,-79.9912,-79.9912,-79.9912,-79.9912,-79.9912,-79.9912,-79.9912,-79.9912,-79.9912,-79.9912,-79.9912,-79.9912,-79.9912,-79.9912,-79.9913,-79.9913,-79.9913,-79.9914,-79.9915,-79.9916
0.15,-79.9984,-79.9949,-79.9931,-79.9921,-79.9916,-79.9914,-79.9912,-79.9912,-79.9912,-79.9911,-79.9911,-79.9911,-79.9911,-79.9911,-79.9911,-79.9911,-79.9911,-79.9911,-79.9911,-79.9911,-79.9911,-79.9911,-79.9911,-79.9911,-79.9911,-79.9911,-79.9911,-79.9911,-79.9911,-79.9911,-79.9911,-79.9912,-79.9912,-79.9913,-79.9914,-79.9915
0.155,-79.9984,-79.9949,-79.993,-79.992,-79.9915,-79.9913,-79.9911,-79.9911,-79.9911,-79.991,-79.991,-79.991,-79.991,-79.991,-79.991,-79.991,-79.991,-79.991,-79.991,-79.991,-79.991,-79.991,-79.991,-79.991,-79.991,-79.991,-79.991,-79.991,-79.991,-79.991,-79.9911,-79.9911,-79.9911,-79.9911,-79.9912,-79.9914
0.16,-79.9984,-79.9949,-79.993,-79.992,-79.9914,-79.9912,-79.9911,-79.991,-79.991,-79.9909,-79.9909,-79.9909,-79.9909,-79.9909,-79.9909,-79.9909,-79.9909,-79.9909,-79.9909,-79.9909,-79.9909,-79.9909,-79.9909,-79.9909,-79.9909,-79.9909,-79.9909,-79.9909,-79.9909,-79.9909,-79.9909,-79.991,-79.991,-79.9911,-79.9911,-79.9913
0.165,-79.9984,-79.9948,-79.9929,-79.9919,-79.9914,-79.9911,-79.991,-79.9909,-79.9909,-79.9908,-79.9908,-79.9908,-79.9908,-79.9908,-79.9908,-79.9908,-79.9908,-79.9908,-79.9908,-79.9908,-79.9908,-79.9908,-79.9908,-79.9908,-79.9908,-79.9908,-79.9908,-79.9908,-79.9908,-79.9908,-79.9909,-79.9909,-79.9909,-79.991,-79.9911,-79.9912
0.17,-79.9984,-79.9948,-79.9929,-79.9918,-79.9913,-79.991,-79.9909,-79.9908,-79.9908,-79.9908,-79.9907,-79.9907,-79.9907,-79.9907,-79.9907,-79.9907,-79.9907,-79.9907,-79.9907,-79.9907,-79.9907,-79.9907,-79.9907,-79.9907,-79.9907,-79.9907,-79.9907,-79.9907,-79.9907,-79.9907,-79.9908,-79.9908,-79.9908,-79.9909,-79.991,-79.9911
0.175,-79.9984,-79.9948,-79.9928,-79.9918,-79.9912,-79.9909,-79.9908,-79.9907,-79.9907,-79.9907,-79.9907,-79.9906,-79.9906,-79.9906,-79.9906,-79.9906,-79.9906,-79.9906,-79.9906,-79.9906,-79.9906,-79.9906,-79.9906,-79.9906,-79.9906,-79.9906,-79.9906,-79.9906,-79.9906,-79.9907,-79.9907,-79.9907,-79.9907,-79.9908,-79.9909,-79.9911
0.18,-79.9984,-79.9948,-79.9928,-79.9917,-79.9911,-79.9908,-79.9907,-79.9906,-79.9906,-79.9906,-79.9906,-79.9906,-79.9906,-79.9906,-79.9906,-79.9906,-79.9906,-79.9906,-79.9906,-79.9906,-79.9906,-79.9906,-79.9906,-79.9906,-79.9906,-79.9906,-79.9906,-79.9906,-79.9906,-79.9906,-79.9906,-79.9906,-79.9906,-79.9907,-79.9908,-79.991
0.185,-79.9984,-79.9947,-79.9927,-79.9916,-79.9911,-79.9908,-79.9906,-79.9905,-79.9905,-79.9905,-79.9905,-79.9905,-79.9905,-79.9905,-79.9905,-79.9905,-79.9905,-79.9905,-79.9905,-79.9905,-79.9905,-79.9905,-79.9905,-79.9905,-79.9905,-79.9905,-79.9905,-79.9905,-79.9905,-79.9905,-79.9905,-79.9905,-79.9905,-79.9906,-79.9907,-79.9909
0.19,-79.9984,-79.9947,-79.9927,-79.9916,-79.991,-79.9907,-79.9905,-79.9905,-79.9904,-79.9904,-79.9904,-79.9904,-79.9904,-79.9904,-79.9904,-79.9904,-79.9904,-79.9904,-79.9904,-79.9904,-79.9904,-79.9904,-79.9904,-79.9904,-79.9904,-79.9904,-79.9904,-79.9904,-79.9904,-79.9904,-79.9904,-79.9904,-79.9905,-79.9905,-79.9906,-79.9908
0.195,-79.9984,-79.9947,-79.9926,-79.9915,-79.9909,-79.9906,-79.9905,-79.9904,-79.9903,-79.9903,-79.9903,-79.9903,-79.9903,-79.9903,-79.9903,-79.9903,-79.9903,-79.9903,-79.9903,-79.9903,-79.9903,-79.9903,-79.9903,-79.9903,-79.9903,-79.9903,-79.9903,-79.9903,-79.9903,-79.9903,-79.9903,-79.9903,-79.9904,-79.9904,-79.9905,-79.9907
0.2,-79.9984,-79.9947,-79.9926,-79.9915,-79.9909,-79.9905,-79.9904,-79.9903,-79.9903,-79.9902,-79.9902,-79.9902,-79.9902,-79.9902,-79.9902,-79.9902,-79.9902,-79.9902,-79.9902,-79.9902,-79.9902,-79.9902,-79.9902,-79.9902,-79.9902,-79.9902,-79.9902,-79.9902,-79.9902,-79.9902,-79.9902,-79.9903,-79.9903,-79.9903,-79.9905,-79.9907
0.205,-79.9984,-79.9946,-79.9926,-79.9914,-79.9908,-79.9905,-79.9903,-79.9902,-79.9902,-79.9902,-79.9902,-79.9901,-79.9901,-79.9901,-79.9901,-79.9901,-79.9901,-79.9901,-79.9901,-79.9901,-79.9901,-79.9901,-79.9901,-79.9901,-79.9901,-79.9901,-79.9901,-79.9901,-79.9901,-79.9902,-79.9902,-79.9902,-79.9902,-79.9903,-79.9904,-79.9906
0.21,-79.9984,-79.9946,-79.9925,-79.9914,-79.9907,-79.9904,-79.9902,-79.9902,-79.9901,-79.9901,-79.9901,-79.9901,-79.9901,-79.9901,-79.9901,-79.9901,-79.9901,-79.9901,-79.9901,-79.9901,-79.9901,-79.9901,-79.9901,-79.9901,-79.9901,-79.9901,-79.9901,-79.9901,-79.9901,-79.9901,-79.9901,-79.9901,-79.9901,-79.9902,-79.9903,-79.9905
0.215,-79.9984,-79.9946,-79.9925,-79.9913,-79.9907,-79.9903,-79.9902,-79.9901,-79.99,-79.99,-79.99,-79.99,-79.99,-79.99,-79.99,-79.99,-79.99,-79.99,-79.99,-79.99,-79.99,-79.99,-79.99,-79.99,-79.99,-79.99,-79.99,-79.99,-79.99,-79.99,-79.99,-79.99,-79.9901,-79.9901,-79.9902,-79.9904
0.22,-79.9984,-79.9946,-79.9924,-79.9913,-79.9906,-79.9903,-79.9901,-79.99,-79.99,-79.9899,-79.9899,-79.9899,-79.9899,-79.9899,-79.9899,-79.9899,-79.9899,-79.9899,-79.9899,-79.9899,-79.9899,-79.9899,-79.9899,-79.9899,-79.9899,-79.9899,-79.9899,-79.9899,-79.9899,-79.9899,-79.9899,-79.99,-79.99,-79.9901,-79.9902,-79.9904
0.225,-79.9984,-79.9946,-79.9924,-79.9912,-79.9906,-79.9902,-79.99,-79.9899,-79.9899,-79.9899,-79.9899,-79.9899,-79.9898,-79.9898,-79.9898,-79.9898,-79.9898,-79.9898,-79.9898,-79.9898,-79.9898,-79.9898,-79.9898,-79.9898,-79.9898,-79.9898,-79.9898,-79.9898,-79.9899,-79.9899,-79.9899,-79.9899,-79.9899,-79.99,-79.9901,-79.9903
0.23,-79.9984,-79.9945,-79.9924,-79.9912,-79.9905,-79.9902,-79.99,-79.9899,-79.9898,-79.9898,-79.9898,-79.9898,-79.9898,-79.9898,-79.9898,-79.9898,-79.9898,-79.9898,-79.9898,-79.9898,-79.9898,-79.9898,-79.9898,-79.9898,-79.9898,-79.9898,-79.9898,-79.9898,-79.9898,-79.9898,-79.9898,-79.9898,-79.9899,-79.9899,-79.99,-79.9902
0.235,-79.9984,-79.9945,-79.9923,-79.9911,-79.9905,-79.9901,-79.9899,-79.9898,-79.9898,-79.9897,-79.9897,-79.9897,-79.9897,-79.9897,-79.9897,-79.9897,-79.9897,-79.9897,-79.9897,-79.9897,-79.9897,-79.9897,-79.9897,-79.9897,-79.9897,-79.9897,-79.9897,-79.9897,-79.9897,-79.9897,-79.9897,-79.9898,-79.9898,-79.9899,-79.99,-79.9902
0.24,-79.9984,-79.9945,-79.9923,-79.9911,-79.9904,-79.99,-79.9899,-79.9897,-79.9897,-79.9897,-79.9897,-79.9896,-79.9896,-79.9896,-79.9896,-79.9896,-79.9896,-79.9896,-79.9896,-79.9896,-79.9896,-79.9896,-79.9896,-79.9896,-79.9896,-79.9896,-79.9896,-79.9896,-79.9896,-79.9897,-79.9897,-79.9897,-79.9897,-79.9898,-79.9899,-79.9901
0.245,-79.9984,-79.9945,-79.9923,-79.991,-79.9904,-79.99,-79.9898,-79.9897,-79.9896,-79.9896,-79.9896,-79.9896,-79.9896,-79.9896,-79.9896,-79.9896,-79.9896,-79.9896,-79.9896,-79.9896,-79.9896,-79.9896,-79.9896,-79.9896,-79.9896,-79.9896,-79.9896,-79.9896,-79.9896,-79.9896,-79.9896,-79.9896,-79.9897,-79.9897,-79.9898,-79.99
0.25,-79.9984,-79.9945,-79.9922,-79.991,-79.9903,-79.9899,-79.9897,-79.9896,-79.9896,-79.9895,-79.9895,-79.9895,-79.9895,-79.9895,-79.9895,-79.9895,-79.9895,-79.9895,-79.9895,-79.9895,-79.9895,-79.9895,-79.9895,-79.9895,-79.9895,-79.9895,-79.9895,-79.9895,-79.9895,-79.9895,-79.9895,-79.9896,-79.9896,-79.9897,-79.9898,-79.99
0.255,-79.9984,-79.9944,-79.9922,-79.9909,-79.9903,-79.9899,-79.9897,-79.9896,-79.9895,-79.9895,-79.9895,-79.9895,-79.9895,-79.9894,-79.9894,-79.9894,-79.9894,-79.9894,-79.9894,-79.9894,-79.9894,-79.9894,-79.9894,-79.9894,-79.9894,-79.9894,-79.9895,-79.9895,-79.9895,-79.9895,-79.9895,-79.9895,-79.9895,-79.9896,-79.9897,-79.9899
0.26,-79.9984,-79.9944,-79.9922,-79.9909,-79.9902,-79.9898,-79.9896,-79.9895,-79.9894,-79.9894,-79.9894,-79.9894,-79.9894,-79.9894,-79.9894,-79.9894,-79.9894,-79.9894,-79.9894,-79.9894,-79.9894,-79.9894,-79.9894,-79.9894,-79.9894,-79.9894,-79.9894,-79.9894,-79.9894,-79.9894,-79.9894,-79.9894,-79.9895,-79.9895,-79.9897,-79.9899
0.265,-79.9984,-79.9944,-79.9921,-79.9909,-79.9902,-79.9898,-79.9896,-79.9894,-79.9894,-79.9894,-79.9893,-79.9893,-79.9893,-79.9893,-79.9893,-79.9893,-79.9893,-79.9893,-79.9893,-79.9893,-79.9893,-79.9893,-79.9893,-79.9893,-79.9893,-79.9893,-79.9893,-79.9893,-79.9893,-79.9893,-79.9894,-79.9894,-79.9894,-79.9895,-79.9896,-79.9898
0.27,-79.9984,-79.9944,-79.9921,-79.9908,-79.9901,-79.9897,-79.9895,-79.9894,-79.9893,-79.9893,-79.9893,-79.9893,-79.9893,-79.9893,-79.9893,-79.9893,-79.9893,-79.9893,-79.9893,-79.9893,-79.9893,-79.9893,-79.9893,-79.9893,-79.9893,-79.9893,-79.9893,-79.9893,-79.9893,-79.9893,-79.9893,-79.9893,-79.9894,-79.9894,-79.9895,-79.9897
0.275,-79.9984,-79.9944,-79.9921,-79.9908,-79.9901,-79.9897,-79.9895,-79.9893,-79.9893,-79.9892,-79.9892,-79.9892,-79.9892,-79.9892,-79.9892,-79.9892,-79.9892,-79.9892,-79.9892,-79.9892,-79.9892,-79.9892,-79.9892,-79.9892,-79.9892,-79.9892,-79.9892,-79.9892,-79.9892,-79.9892,-79.9892,-79.9893,-79.9893,-79.9894,-79.9895,-79.9897
0.28,-79.9984,-79.9944,-79.9921,-79.9907,-79.99,-79.9896,-79.9894,-79.9893,-79.9892,-79.9892,-79.9892,-79.9892,-79.9892,-79.9892,-79.9892,-79.9892,-79.9892,-79.9892,-79.9892,-79.9892,-79.9892,-79.9892,-79.9892,-79.9892,-79.9892,-79.9892,-79.9892,-79.9892,-79.9892,-79.9892,-79.9892,-79.9892,-79.9892,-79.9893,-79.9894,-79.9896
0.285,-79.9984,-79.9943,-79.992,-79.9907,-79.99,-79.9896,-79.9893,-79.9892,-79.9892,-79.9891,-79.9891,-79.9891,-79.9891,-79.9891,-79.9891,-79.9891,-79.9891,-79.9891,-79.9891,-79.9891,-79.9891,-79.9891,-79.9891,-79.9891,-79.9891,-79.9891,-79.9891,-79.9891,-79.9891,-79.9891,-79.9891,-79.9892,-79.9892,-79.9893,-79.9894,-79.9896
0.29,-79.9984,-79.9943,-79.992,-79.9907,-79.9899,-79.9895,-79.9893,-79.9892,-79.9891,-79.9891,-79.9891,-79.9891,-79.9891,-79.989,-79.989,-79.989,-79.989,-79.989,-79.989,-79.989,-79.989,-79.989,-79.989,-79.989,-79.989,-79.989,-79.989,-79.9891,-79.9891,-79.9891,-79.9891,-79.9891,-79.9891,-79.9892,-79.9893,-79.9895
0.295,-79.9984,-79.9943,-79.992,-79.9906,-79.9899,-79.9895,-79.9893,-79.9891,-79.9891,-79.989,-79.989,-79.989,-79.989,-79.989,-79.989,-79.989,-79.989,-79.989,-79.989,-79.989,-79.989,-79.989,-79.989,-79.989,-79.989,-79.989,-79.989,-79.989,-79.989,-79.989,-79.989,-79.989,-79.9891,-79.9892,-79.9893,-79.9895
0.3,-79.9984,-79.9943,-79.9919,-79.9906,-79.9899,-79.9894,-79.9892,-79.9891,-79.989,-79.989,-79.989,-79.9889,-79.9889,-79.9889,-79.9889,-79.9889,-79.9889,-79.9889,-79.9889,-79.9889,-79.9889,-79.9889,-79.9889,-79.9889,-79.9889,-79.9889,-79.9889,-79.9889,-79.9889,-79.989,-79.989,-79.989,-79.989,-79.9891,-79.9892,-79.9894
0.305,-79.9984,-79.9943,-79.9919,-79.9906,-79.9898,-79.9894,-79.9892,-79.989,-79.989,-79.9889,-79.9889,-79.9889,-79.9889,-79.9889,-79.9889,-79.9889,-79.9889,-79.9889,-79.9889,-79.9889,-79.9889,-79.9889,-79.9889,-79.9889,-79.9889,-79.9889,-79.9889,-79.9889,-79.9889,-79.9889,-79.9889,-79.9889,-79.989,-79.989,-79.9892,-79.9894
0.31,-79.9984,-79.9943,-79.9919,-79.9905,-79.9898,-79.9893,-79.9891,-79.989,-79.9889,-79.9889,-79.9889,-79.9888,-79.9888,-79.9888,-79.9888,-79.9888,-79.9888,-79.9888,-79.9888,-79.9888,-79.9888,-79.9888,-79.9888,-79.9888,-79.9888,-79.9888,-79.9888,-79.9888,-79.9888,-79.9888,-79.9889,-79.9889,-79.9889,-79.989,-79.9891,-79.9893
0.315,-79.9984,-79.9943,-79.9919,-79.9905,-79.9897,-79.9893,-79.9891,-79.9889,-79.9889,-79.9888,-79.9888,-79.9888,-79.9888,-79.9888,-79.9888,-79.9888,-79.9888,-79.9888,-79.9888,-79.9888,-79.9888,-79.9888,-79.9888,-79.9888,-79.9888,-79.9888,-79.9888,-79.9888,-79.9888,-79.9888,-79.9888,-79.9888,-79.9889,-79.9889,-79.9891,-79.9893
0.32,-79.9984,-79.9942,-79.9918,-79.9905,-79.9897,-79.9893,-79.989,-79.9889,-79.9888,-79.9888,-79.9888,-79.9887,-79.9887,-79.9887,-79.9887,-79.9887,-79.9887,-79.9887,-79.9887,-79.9887,-79.9887,-79.9887,-79.9887,-79.9887,-79.9887,-79.9887,-79.9887,-79.9887,-79.9887,-79.9887,-79.9888,-79.9888,-79.9888,-79.9889,-79.989,-79.9892
0.325,-79.9984,-79.9942,-79.9918,-79.9904,-79.9897,-79.9892,-79.989,-79.9888,-79.9888,-79.9887,-79.9887,-79.9887,-79.9887,-79.9887,-79.9887,-79.9887,-79.9887,-79.9887,-79.9887,-79.9887,-79.9887,-79.9887,-79.9887,-79.9887,-79.9887,-79.9887,-79.9887,-79.9887,-79.9887,-79.9887,-79.9887,-79.9887,-79.9888,-79.9888,-79.989,-79.9892
0.33,-79.9984,-79.9942,-79.9918,-79.9904,-79.9896,-79.9892,-79.9889,-79.9888,-79.9887,-79.9887,-79.9887,-79.9886,-79.9886,-79.9886,-79.9886,-79.9886,-79.9886,-79.9886,-79.9886,-79.9886,-79.9886,-79.9886,-79.9886,-79.9886,-79.9886,-79.9886,-79.9886,-79.9886,-79.9886,-79.9886,-79.9887,-79.9887,-79.9887,-79.9888,-79.9889,-79.9891
0.335,-79.9984,-79.9942,-79.9918,-79.9904,-79.9896,-79.9891,-79.9889,-79.9887,-79.9887,-79.9886,-79.9886,-79.9886,-79.9886,-79.9886,-79.9886,-79.9886,-79.9886,-79.9886,-79.9886,-79.9886,-79.9886,-79.9886,-79.9886,-79.9886,-79.9886,-79.9886,-79.9886,-79.9886,-79.9886,-79.9886,-79.9886,-79.9886,-79.9887,-79.9888,-79.9889,-79.9891
0.34,-79.9984,-79.9942,-79.9917,-79.9903,-79.9895,-79.9891,-79.9888,-79.9887,-79.9886,-79.9886,-79.9886,-79.9886,-79.9885,-79.9885,-79.9885,-79.9885,-79.9885,-79.9885,-79.9885,-79.9885,-79.9885,-79.9885,-79.9885,-79.9885,-79.9885,-79.9885,-79.9885,-79.9885,-79.9885,-79.9886,-79.9886,-79.9886,-79.9886,-79.9887,-79.9888,-79.989
0.345,-79.9984,-79.9942,-79.9917,-79.9903,-79.9895,-79.9891,-79.9888,-79.9887,-79.9886,-79.9885,-79.9885,-79.9885,-79.9885,-79.9885,-79.9885,-79.9885,-79.9885,-79.9885,-79.9885,-79.9885,-79.9885,-79.9885,-79.9885,-79.9885,-79.9885,-79.9885,-79.9885,-79.9885,-79.9885,-79.9885,-79.9885,-79.9885,-79.9886,-79.9887,-79.9888,-79.989
0.35,-79.9984,-79.9942,-79.9917,-79.9903,-79.9895,-79.989,-79.9888,-79.9886,-79.9885,-79.9885,-79.9885,-79.9885,-79.9885,-79.9884,-79.9884,-79.9884,-79.9884,-79.9884,-79.9884,-79.9884,-79.9884,-79.9884,-79.9884,-79.9884,-79.9884,-79.9884,-79.9884,-79.9884,-79.9885,-79.9885,-79.9885,-79.9885,-79.9885,-79.9886,-79.9887,-79.989
0.355,-79.9984,-79.9941,-79.9917,-79.9902,-79.9894,-79.989,-79.9887,-79.9886,-79.9885,-79.9884,-79.9884,-79.9884,-79.9884,-79.9884,-79.9884,-79.9884,-79.9884,-79.9884,-79.9884,-79.9884,-79.9884,-79.9884,-79.9884,-79.9884,-79.9884,-79.9884,-79.9884,-79.9884,-79.9884,-79.9884,-79.9884,-79.9885,-79.9885,-79.9886,-79.9887,-79.9889
0.36,-79.9984,-79.9941,-79.9917,-79.9902,-79.9894,-79.9889,-79.9887,-79.9885,-79.9884,-79.9884,-79.9884,-79.9884,-79.9884,-79.9884,-79.9884,-79.9884,-79.9884,-79.9884,-79.9884,-79.9884,-79.9884,-79.9884,-79.9884,-79.9884,-79.9884,-79.9884,-79.9884,-79.9884,-79.9884,-79.9884,-79.9884,-79.9884,-79.9885,-79.9885,-79.9887,-79.9889
0.365,-79.9984,-79.9941,-79.9916,-79.9902,-79.9894,-79.9889,-79.9886,-79.9885,-79.9884,-79.9884,-79.9883,-79.9883,-79.9883,-79.9883,-79.9883,-79.9883,-79.9883,-79.9883,-79.9883,-79.9883,-79.9883,-79.9883,-79.9883,-79.9883,-79.9883,-79.9883,-79.9883,-79.9883,-79.9883,-79.9883,-79.9883,-79.9884,-79.9884,-79.9885,-79.9886,-79.9888
0.37,-79.9984,-79.9941,-79.9916,-79.9902,-79.9893,-79.9889,-79.9886,-79.9884,-79.9884,-79.9883,-79.9883,-79.9883,-79.9883,-79.9883,-79.9883,-79.9883,-79.9883,-79.9883,-79.9883,-79.9883,-79.9883,-79.9883,-79.9883,-79.9883,-79.9883,-79.9883,-79.9883,-79.9883,-79.9883,-79.9883,-79.9883,-79.9883,-79.9884,-79.9884,-79.9886,-79.9888
0.375,-79.9984,-79.9941,-79.9916,-79.9901,-79.9893,-79.9888,-79.9886,-79.9884,-79.9883,-79.9883,-79.9883,-79.9882,-79.9882,-79.9882,-79.9882,-79.9882,-79.9882,-79.9882,-79.9882,-79.9882,-79.9882,-79.9882,-79.9882,-79.9882,-79.9882,-79.9882,-79.9882,-79.9882,-79.9882,-79.9882,-79.9883,-79.9883,-79.9883,-79.9884,-79.9885,-79.9887
0.38,-79.9984,-79.9941,-79.9916,-79.9901,-79.9893,-79.9888,-79.9885,-79.9884,-79.9883,-79.9882,-79.9882,-79.9882,-79.9882,-79.9882,-79.9882,-79.9882,-79.9882,-79.9882,-79.9882,-79.9882,-79.9882,-79.9882,-79.9882,-79.9882,-79.9882,-79.9882,-79.9882,-79.9882,-79.9882,-79.9882,-79.9882,-79.9882,-79.9883,-79.9884,-79.9885,-79.9887
0.385,-79.9984,-79.9941,-79.9915,-79.9901,-79.9892,-79.9888,-79.9885,-79.9883,-79.9882,-79.9882,-79.9882,-79.9882,-79.9882,-79.9881,-79.9881,-79.9881,-79.9881,-79.9881,-79.9881,-79.9881,-79.9881,-79.9881,-79.9881,-79.9881,-79.9881,-79.9881,-79.9881,-79.9881,-79.9882,-79.9882,-79.9882,-79.9882,-79.9882,-79.9883,-79.9884,-79.9887
0.39,-79.9984,-79.9941,-79.9915,-79.9901,-79.9892,-79.9887,-79.9884,-79.9883,-79.9882,-79.9882,-79.9881,-79.9881,-79.9881,-79.9881,-79.9881,-79.9881,-79.9881,-79.9881,-79.9881,-79.9881,-79.9881,-79.9881,-79.9881,-79.9881,-79.9881,-79.9881,-79.9881,-79.9881,-79.9881,-79.9881,-79.9881,-79.9882,-79.9882,-79.9883,-79.9884,-79.9886
0.395,-79.9984,-79.9941,-79.9915,-79.99,-79.9892,-79.9887,-79.9884,-79.9883,-79.9882,-79.9881,-79.9881,-79.9881,-79.9881,-79.9881,-79.9881,-79.9881,-79.9881,-79.9881,-79.9881,-79.9881,-79.9881,-79.9881,-79.9881,-79.9881,-79.9881,-79.9881,-79.9881,-79.9881,-79.9881,-79.9881,-79.9881,-79.9881,-79.9882,-79.9882,-79.9884,-79.9886
0.4,-79.9984,-79.994,-79.9915,-79.99,-79.9891,-79.9886,-79.9884,-79.9882,-79.9881,-79.9881,-79.9881,-79.988,-79.988,-79.988,-79.988,-79.988,-79.988,-79.988,-79.988,-79.988,-79.988,-79.988,-79.988,-79.988,-79.988,-79.988,-79.988,-79.988,-79.988,-79.988,-79.9881,-79.9881,-79.9881,-79.9882,-79.9883,-79.9885
0.405,-79.9984,-79.994,-79.9915,-79.99,-79.9891,-79.9886,-79.9883,-79.9882,-79.9881,-79.988,-79.988,-79.988,-79.988,-79.988,-79.988,-79.988,-79.988,-79.988,-79.988,-79.988,-79.988,-79.988,-79.988,-79.988,-79.988,-79.988,-79.988,-79.988,-79.988,-79.988,-79.988,-79.988,-79.9881,-79.9882,-79.9883,-79.9885
0.41,-79.9984,-79.994,-79.9914,-79.9899,-79.9891,-79.9886,-79.9883,-79.9881,-79.988,-79.988,-79.988,-79.988,-79.9879,-79.9879,-79.9879,-79.9879,-79.9879,-79.9879,-79.9879,-79.9879,-79.9879,-79.9879,-79.9879,-79.9879,-79.9879,-79.9879,-79.9879,-79.9879,-79.9879,-79.988,-79.988,-79.988,-79.988,-79.9881,-79.9883,-79.9885
0.415,-79.9984,-79.994,-79.9914,-79.9899,-79.989,-79.9885,-79.9883,-79.9881,-79.988,-79.988,-79.9879,-79.9879,-79.9879,-79.9879,-79.9879,-79.9879,-79.9879,-79.9879,-79.9879,-79.9879,-79.9879,-79.9879,-79.9879,-79.9879,-79.9879,-79.9879,-79.9879,-79.9879,-79.9879,-79.9879,-79.9879,-79.988,-79.988,-79.9881,-79.9882,-79.9884
0.42,-79.9984,-79.994,-79.9914,-79.9899,-79.989,-79.9885,-79.9882,-79.9881,-79.988,-79.9879,-79.9879,-79.9879,-79.9879,-79.9879,-79.9879,-79.9879,-79.9879,-79.9879,-79.9879,-79.9879,-79.9879,-79.9879,-79.9879,-79.9879,-79.9879,-79.9879,-79.9879,-79.9879,-79.9879,-79.9879,-79.9879,-79.9879,-79.988,-79.988,-79.9882,-79.9884
0.425,-79.9984,-79.994,-79.9914,-79.9899,-79.989,-79.9885,-79.9882,-79.988,-79.9879,-79.9879,-79.9879,-79.9878,-79.9878,-79.9878,-79.9878,-79.9878,-79.9878,-79.9878,-79.9878,-79.9878,-79.9878,-79.9878,-79.9878,-79.9878,-79.9878,-79.9878,-79.9878,-79.9878,-79.9878,-79.9878,-79.9879,-79.9879,-79.9879,-79.988,-79.9881,-79.9884
0.43,-79.9984,-79.994,-79.9914,-79.9898,-79.989,-79.9884,-79.9882,-79.988,-79.9879,-79.9878,-79.9878,-79.9878,-79.9878,-79.9878,-79.9878,-79.9878,-79.9878,-79.9878,-79.9878,-79.9878,-79.9878,-79.9878,-79.9878,-79.9878,-79.9878,-79.9878,-79.9878,-79.9878,-79.9878,-79.9878,-79.9878,-79.9878,-79.9879,-79.988,-79.9881,-79.9883
0.435,-79.9984,-79.994,-79.9914,-79.9898,-79.9889,-79.9884,-79.9881,-79.988,-79.9879,-79.9878,-79.9878,-79.9878,-79.9878,-79.9877,-79.9877,-79.9877,-79.9877,-79.9877,-79.9877,-79.9877,-79.9877,-79.9877,-79.9877,-79.9877,-79.9877,-79.9877,-79.9877,-79.9877,-79.9878,-79.9878,-79.9878,-79.9878,-79.9879,-79.9879,-79.9881,-79.9883
0.44,-79.9984,-79.994,-79.9913,-79.9898,-79.9889,-79.9884,-79.9881,-79.9879,-79.9878,-79.9878,-79.9877,-79.9877,-79.9877,-79.9877,-79.9877,-79.9877,-79.9877,-79.9877,-79.9877,-79.9877,-79.9877,-79.9877,-79.9877,-79.9877,-79.9877,-79.9877,-79.9877,-79.9877,-79.9877,-79.9877,-79.9877,-79.9878,-79.9878,-79.9879,-79.988,-79.9883
0.445,-79.9984,-79.9939,-79.9913,-79.9898,-79.9889,-79.9883,-79.9881,-79.9879,-79.9878,-79.9877,-79.9877,-79.9877,-79.9877,-79.9877,-79.9877,-79.9877,-79.9877,-79.9877,-79.9877,-79.9877,-79.9877,-79.9877,-79.9877,-79.9877,-79.9877,-79.9877,-79.9877,-79.9877,-79.9877,-79.9877,-79.9877,-79.9877,-79.9878,-79.9879,-79.988,-79.9882
0.45,-79.9984,-79.9939,-79.9913,-79.9897,-79.9888,-79.9883,-79.988,-79.9879,-79.9878,-79.9877,-79.9877,-79.9877,-79.9876,-79.9876,-79.9876,-79.9876,-79.9876,-79.9876,-79.9876,-79.9876,-79.9876,-79.9876,-79.9876,-79.9876,-79.9876,-79.9876,-79.9876,-79.9876,-79.9876,-79.9877,-79.9877,-79.9877,-79.9877,-79.9878,-79.988,-79.9882
0.455,-79.9984,-79.9939,-79.9913,-79.9897,-79.9888,-79.9883,-79.988,-79.9878,-79.9877,-79.9877,-79.9876,-79.9876,-79.9876,-79.9876,-79.9876,-79.9876,-79.9876,-79.9876,-79.9876,-79.9876,-79.9876,-79.9876,-79.9876,-79.9876,-79.9876,-79.9876,-79.9876,-79.9876,-79.9876,-79.9876,-79.9876,-79.9877,-79.9877,-79.9878,-79.9879,-79.9882
0.46,-79.9984,-79.9939,-79.9913,-79.9897,-79.9888,-79.9883,-79.988,-79.9878,-79.9877,-79.9876,-79.9876,-79.9876,-79.9876,-79.9876,-79.9876,-79.9876,-79.9876,-79.9876,-79.9876,-79.9876,-79.9876,-79.9876,-79.9876,-79.9876,-79.9876,-79.9876,-79.9876,-79.9876,-79.9876,-79.9876,-79.9876,-79.9876,-79.9877,-79.9878,-79.9879,-79.9881
0.465,-79.9984,-79.9939,-79.9912,-79.9897,-79.9888,-79.9882,-79.9879,-79.9877,-79.9876,-79.9876,-79.9876,-79.9875,-79.9875,-79.9875,-79.9875,-79.9875,-79.9875,-79.9875,-79.9875,-79.9875,-79.9875,-79.9875,-79.9875,-79.9875,-79.9875,-79.9875,-79.9875,-79.9875,-79.9875,-79.9875,-79.9876,-79.9876,-79.9876,-79.9877,-79.9879,-79.9881
0.47,-79.9984,-79.9939,-79.9912,-79.9897,-79.9887,-79.9882,-79.9879,-79.9877,-79.9876,-79.9876,-79.9875,-79.9875,-79.9875,-79.9875,-79.9875,-79.9875,-79.9875,-79.9875,-79.9875,-79.9875,-79.9875,-79.9875,-79.9875,-79.9875,-79.9875,-79.9875,-79.9875,-79.9875,-79.9875,-79.9875,-79.9875,-79.9876,-79.9876,-79.9877,-79.9878,-79.9881
0.475,-79.9984,-79.9939,-79.9912,-79.9896,-79.9887,-79.9882,-79.9879,-79.9877,-79.9876,-79.9875,-79.9875,-79.9875,-79.9875,-79.9875,-79.9875,-79.9875,-79.9875,-79.9875,-79.9875,-79.9875,-79.9875,-79.9875,-79.9875,-79.9875,-79.9875,-79.9875,-79.9875,-79.9875,-79.9875,-79.9875,-79.9875,-79.9875,-79.9876,-79.9876,-79.9878,-79.988
0.48,-79.9984,-79.9939,-79.9912,-79.9896,-79.9887,-79.9881,-79.9878,-79.9876,-79.9875,-79.9875,-79.9875,-79.9874,-79.9874,-79.9874,-79.9874,-79.9874,-79.9874,-79.9874,-79.9874,-79.9874,-79.9874,-79.9874,-79.9874,-79.9874,-79.9874,-79.9874,-79.9874,-79.9874,-79.9874,-79.9874,-79.9875,-79.9875,-79.9875,-79.9876,-79.9878,-79.988
0.485,-79.9984,-79.9939,-79.9912,-79.9896,-79.9887,-79.9881,-79.9878,-79.9876,-79.9875,-79.9875,-79.9874,-79.9874,-79.9874,-79.9874,-79.9874,-79.9874,-79.9874,-79.9874,-79.9874,-79.9874,-79.9874,-79.9874,-79.9874,-79.9874,-79.9874,-79.9874,-79.9874,-79.9874,-79.9874,-79.9874,-79.9874,-79.9874,-79.9875,-79.9876,-79.9877,-79.988
0.49,-79.9984,-79.9939,-79.9912,-79.9896,-79.9886,-79.9881,-79.9878,-79.9876,-79.9875,-79.9874,-79.9874,-79.9874,-79.9874,-79.9874,-79.9874,-79.9874,-79.9874,-79.9874,-79.9874,-79.9874,-79.9874,-79.9874,-79.9874,-79.9874,-79.9874,-79.9874,-79.9874,-79.9874,-79.9874,-79.9874,-79.9874,-79.9874,-79.9875,-79.9875,-79.9877,-79.9879
0.495,-79.9984,-79.9939,-79.9911,-79.9895,-79.9886,-79.9881,-79.9877,-79.9876,-79.9874,-79.9874,-79.9874,-79.9873,-79.9873,-79.9873,-79.9873,-79.9873,-79.9873,-79.9873,-79.9873,-79.9873,-79.9873,-79.9873,-79.9873,-79.9873,-79.9873,-79.9873,-79.9873,-79.9873,-79.9873,-79.9873,-79.9874,-79.9874,-79.9874,-79.9875,-79.9877,-79.9879
0.5,-79.9984,-79.9938,-79.9911,-79.9895,-79.9886,-79.988,-79.9877,-79.9875,-79.9874,-79.9874,-79.9873,-79.9873,-79.9873,-79.9873,-79.9873,-79.9873,-79.9873,-79.9873,-79.9873,-79.9873,-79.9873,-79.9873,-79.9873,-79.9873,-79.9873,-79.9873,-79.9873,-79.9873,-79.9873,-79.9873,-79.9873,-79.9874,-79.9874,-79.9875,-79.9876,-79.9879
0.505,-79.9984,-79.9938,-79.9911,-79.9895,-79.9886,-79.988,-79.9877,-79.9875,-79.9874,-79.9873,-79.9873,-79.9873,-79.9873,-79.9873,-79.9873,-79.9873,-79.9873,-79.9873,-79.9873,-79.9873,-79.9873,-79.9873,-79.9873,-79.9873,-79.9873,-79.9873,-79.9873,-79.9873,-79.9873,-79.9873,-79.9873,-79.9873,-79.9874,-79.9874,-79.9876,-79.9878
0.51,-79.9984,-79.9938,-79.9911,-79.9895,-79.9885,-79.988,-79.9876,-79.9875,-79.9874,-79.9873,-79.9873,-79.9872,-79.9872,-79.9872,-79.9872,-79.9872,-79.9872,-79.9872,-79.9872,-79.9872,-79.9872,-79.9872,-79.9872,-79.9872,-79.9872,-79.9872,-79.9872,-79.9872,-79.9872,-79.9872,-79.9873,-79.9873,-79.9873,-79.9874,-79.9876,-79.9878
0.515,-79.9984,-79.9938,-79.9911,-79.9895,-79.9885,-79.9879,-79.9876,-79.9874,-79.9873,-79.9873,-79.9872,-79.9872,-79.9872,-79.9872,-79.9872,-79.9872,-79.9872,-79.9872,-79.9872,-79.9872,-79.9872,-79.9872,-79.9872,-79.9872,-79.9872,-79.9872,-79.9872,-79.9872,-79.9872,-79.9872,-79.9872,-79.9873,-79.9873,-79.9874,-79.9875,-79.9878
0.52,-79.9984,-79.9938,-79.9911,-79.9894,-79.9885,-79.9879,-79.9876,-79.9874,-79.9873,-79.9872,-79.9872,-79.9872,-79.9872,-79.9872,-79.9872,-79.9872,-79.9872,-79.9872,-79.9872,-79.9872,-79.9872,-79.9872,-79.9872,-79.9872,-79.9872,-79.9872,-79.9872,-79.9872,-79.9872,-79.9872,-79.9872,-79.9872,-79.9873,-79.9874,-79.9875,-79.9877
0.525,-79.9984,-79.9938,-79.9911,-79.9894,-79.9884,-79.9879,-79.9876,-79.9874,-79.9873,-79.9872,-79.9872,-79.9871,-79.9871,-79.9871,-79.9871,-79.9871,-79.9871,-79.9871,-79.9871,-79.9871,-79.9871,-79.9871,-79.9871,-79.9871,-79.9871,-79.9871,-79.9871,-79.9871,-79.9871,-79.9871,-79.9872,-79.9872,-79.9872,-79.9873,-79.9875,-79.9877
0.53,-79.9984,-79.9938,-79.991,-79.9894,-79.9884,-79.9879,-79.9875,-79.9873,-79.9872,-79.9872,-79.9871,-79.9871,-79.9871,-79.9871,-79.9871,-79.9871,-79.9871,-79.9871,-79.9871,-79.9871,-79.9871,-79.9871,-79.9871,-79.9871,-79.9871,-79.9871,-79.9871,-79.9871,-79.9871,-79.9871,-79.9871,-79.9872,-79.9872,-79.9873,-79.9874,-79.9877
0.535,-79.9984,-79.9938,-79.991,-79.9894,-79.9884,-79.9878,-79.9875,-79.9873,-79.9872,-79.9871,-79.9871,-79.9871,-79.9871,-79.9871,-79.9871,-79.9871,-79.9871,-79.9871,-79.9871,-79.9871,-79.9871,-79.9871,-79.9871,-79.9871,-79.9871,-79.9871,-79.9871,-79.9871,-79.9871,-79.9871,-79.9871,-79.9871,-79.9872,-79.9873,-79.9874,-79.9876
0.54,-79.9984,-79.9938,-79.991,-79.9894,-79.9884,-79.9878,-79.9875,-79.9873,-79.9872,-79.9871,-79.9871,-79.987,-79.987,-79.987,-79.987,-79.987,-79.987,-79.987,-79.987,-79.987,-79.987,-79.987,-79.987,-79.987,-79.987,-79.987,-79.987,-79.987,-79.987,-79.987,-79.9871,-79.9871,-79.9871,-79.9872,-79.9874,-79.9876
0.545,-79.9984,-79.9938,-79.991,-79.9893,-79.9884,-79.9878,-79.9874,-79.9873,-79.9871,-79.9871,-79.987,-79.987,-79.987,-79.987,-79.987,-79.987,-79.987,-79.987,-79.987,-79.987,-79.987,-79.987,-79.987,-79.987,-79.987,-79.987,-79.987,-79.987,-79.987,-79.987,-79.987,-79.9871,-79.9871,-79.9872,-79.9873,-79.9876
0.55,-79.9984,-79.9938,-79.991,-79.9893,-79.9883,-79.9878,-79.9874,-79.9872,-79.9871,-79.987,-79.987,-79.987,-79.987,-79.987,-79.987,-79.987,-79.987,-79.987,-79.987,-79.987,-79.987,-79.987,-79.987,-79.987,-79.987,-79.987,-79.987,-79.987,-79.987,-79.987,-79.987,-79.987,-79.9871,-79.9872,-79.9873,-79.9876
0.555,-79.9984,-79.9938,-79.991,-79.9893,-79.9883,-79.9877,-79.9874,-79.9872,-79.9871,-79.987,-79.987,-79.987,-79.9869,-79.9869,-79.9869,-79.9869,-79.9869,-79.9869,-79.9869,-79.9869,-79.9869,-79.9869,-79.9869,-79.9869,-79.9869,-79.9869,-79.9869,-79.9869,-79.9869,-79.987,-79.987,-79.987,-79.9871,-79.9871,-79.9873,-79.9875
0.56,-79.9984,-79.9937,-79.9909,-79.9893,-79.9883,-79.9877,-79.9874,-79.9872,-79.987,-79.987,-79.9869,-79.9869,-79.9869,-79.9869,-79.9869,-79.9869,-79.9869,-79.9869,-79.9869,-79.9869,-79.9869,-79.9869,-79.9869,-79.9869,-79.9869,-79.9869,-79.9869,-79.9869,-79.9869,-79.9869,-79.9869,-79.987,-79.987,-79.9871,-79.9873,-79.9875
0.565,-79.9984,-79.9937,-79.9909,-79.9893,-79.9883,-79.9877,-79.9873,-79.9871,-79.987,-79.987,-79.9869,-79.9869,-79.9869,-79.9869,-79.9869,-79.9869,-79.9869,-79.9869,-79.9869,-79.9869,-79.9869,-79.9869,-79.9869,-79.9869,-79.9869,-79.9869,-79.9869,-79.9869,-79.9869,-79.9869,-79.9869,-79.9869,-79.987,-79.9871,-79.9872,-79.9875
0.57,-79.9984,-79.9937,-79.9909,-79.9892,-79.9882,-79.9876,-79.9873,-79.9871,-79.987,-79.9869,-79.9869,-79.9869,-79.9868,-79.9868,-79.9868,-79.9868,-79.9868,-79.9868,-79.9868,-79.9868,-79.9868,-79.9868,-79.9868,-79.9868,-79.9868,-79.9868,-79.9868,-79.9868,-79.9868,-79.9869,-79.9869,-79.9869,-79.987,-79.987,-79.9872,-79.9874
0.575,-79.9984,-79.9937,-79.9909,-79.9892,-79.9882,-79.9876,-79.9873,-79.9871,-79.987,-79.9869,-79.9869,-79.9868,-79.9868,-79.9868,-79.9868,-79.9868,-79.9868,-79.9868,-79.9868,-79.9868,-79.9868,-79.9868,-79.9868,-79.9868,-79.9868,-79.9868,-79.9868,-79.9868,-79.9868,-79.9868,-79.9868,-79.9869,-79.9869,-79.987,-79.9872,-79.9874
0.58,-79.9984,-79.9937,-79.9909,-79.9892,-79.9882,-79.9876,-79.9873,-79.9871,-79.9869,-79.9869,-79.9868,-79.9868,-79.9868,-79.9868,-79.9868,-79.9868,-79.9868,-79.9868,-79.9868,-79.9868,-79.9868,-79.9868,-79.9868,-79.9868,-79.9868,-79.9868,-79.9868,-79.9868,-79.9868,-79.9868,-79.9868,-79.9868,-79.9869,-79.987,-79.9871,-79.9874
0.585,-79.9984,-79.9937,-79.9909,-79.9892,-79.9882,-79.9876,-79.9872,-79.987,-79.9869,-79.9868,-79.9868,-79.9868,-79.9868,-79.9868,-79.9867,-79.9867,-79.9867,-79.9867,-79.9867,-79.9867,-79.9867,-79.9867,-79.9867,-79.9867,-79.9867,-79.9867,-79.9867,-79.9868,-79.9868,-79.9868,-79.9868,-79.9868,-79.9869,-79.987,-79.9871,-79.9874
0.59,-79.9984,-79.9937,-79.9909,-79.9892,-79.9882,-79.9875,-79.9872,-79.987,-79.9869,-79.9868,-79.9868,-79.9867,-79.9867,-79.9867,-79.9867,-79.9867,-79.9867,-79.9867,-79.9867,-79.9867,-79.9867,-79.9867,-79.9867,-79.9867,-79.9867,-79.9867,-79.9867,-79.9867,-79.9867,-79.9867,-79.9868,-79.9868,-79.9868,-79.9869,-79.9871,-79.9873
0.595,-79.9984,-79.9937,-79.9908,-79.9891,-79.9881,-79.9875,-79.9872,-79.987,-79.9868,-79.9868,-79.9867,-79.9867,-79.9867,-79.9867,-79.9867,-79.9867,-79.9867,-79.9867,-79.9867,-79.9867,-79.9867,-79.9867,-79.9867,-79.9867,-79.9867,-79.9867,-79.9867,-79.9867,-79.9867,-79.9867,-79.9867,-79.9868,-79.9868,-79.9869,-79.9871,-79.9873
0.6,-79.9984,-79.9937,-79.9908,-79.9891,-79.9881,-79.9875,-79.9871,-79.9869,-79.9868,-79.9867,-79.9867,-79.9867,-79.9867,-79.9867,-79.9867,-79.9867,-79.9867,-79.9867,-79.9867,-79.9867,-79.9867,-79.9867,-79.9867,-79.9867,-79.9867,-79.9867,-79.9867,-79.9867,-79.9867,-79.9867,-79.9867,-79.9867,-79.9868,-79.9869,-79.987,-79.9873
0.605,-79.9984,-79.9937,-79.9908,-79.9891,-79.9881,-79.9875,-79.9871,-79.9869,-79.9868,-79.9867,-79.9867,-79.9867,-79.9866,-79.9866,-79.9866,-79.9866,-79.9866,-79.9866,-79.9866,-79.9866,-79.9866,-79.9866,-79.9866,-79.9866,-79.9866,-79.9866,-79.9866,-79.9866,-79.9866,-79.9867,-79.9867,-79.9867,-79.9868,-79.9868,-79.987,-79.9872
0.61,-79.9984,-79.9937,-79.9908,-79.9891,-79.9881,-79.9875,-79.9871,-79.9869,-79.9868,-79.9867,-79.9867,-79.9866,-79.9866,-79.9866,-79.9866,-79.9866,-79.9866,-79.9866,-79.9866,-79.9866,-79.9866,-79.9866,-79.9866,-79.9866,-79.9866,-79.9866,-79.9866,-79.9866,-79.9866,-79.9866,-79.9866,-79.9867,-79.9867,-79.9868,-79.987,-79.9872
0.615,-79.9984,-79.9937,-79.9908,-79.9891,-79.988,-79.9874,-79.9871,-79.9869,-79.9867,-79.9867,-79.9866,-79.9866,-79.9866,-79.9866,-79.9866,-79.9866,-79.9866,-79.9866,-79.9866,-79.9866,-79.9866,-79.9866,-79.9866,-79.9866,-79.9866,-79.9866,-79.9866,-79.9866,-79.9866,-79.9866,-79.9866,-79.9866,-79.9867,-79.9868,-79.9869,-79.9872
0.62,-79.9984,-79.9937,-79.9908,-79.9891,-79.988,-79.9874,-79.987,-79.9868,-79.9867,-79.9866,-79.9866,-79.9866,-79.9866,-79.9865,-79.9865,-79.9865,-79.9865,-79.9865,-79.9865,-79.9865,-79.9865,-79.9865,-79.9865,-79.9865,-79.9865,-79.9865,-79.9865,-79.9865,-79.9866,-79.9866,-79.9866,-79.9866,-79.9867,-79.9868,-79.9869,-79.9872
0.625,-79.9984,-79.9936,-79.9908,-79.989,-79.988,-79.9874,-79.987,-79.9868,-79.9867,-79.9866,-79.9866,-79.9865,-79.9865,-79.9865,-79.9865,-79.9865,-79.9865,-79.9865,-79.9865,-79.9865,-79.9865,-79.9865,-79.9865,-79.9865,-79.9865,-79.9865,-79.9865,-79.9865,-79.9865,-79.9865,-79.9866,-79.9866,-79.9866,-79.9867,-79.9869,-79.9871
0.63,-79.9984,-79.9936,-79.9908,-79.989,-79.988,-79.9874,-79.987,-79.9868,-79.9867,-79.9866,-79.9865,-79.9865,-79.9865,-79.9865,-79.9865,-79.9865,-79.9865,-79.9865,-79.9865,-79.9865,-79.9865,-79.9865,-79.9865,-79.9865,-79.9865,-79.9865,-79.9865,-79.9865,-79.9865,-79.9865,-79.9865,-79.9866,-79.9866,-79.9867,-79.9869,-79.9871
0.635,-79.9984,-79.9936,-79.9907,-79.989,-79.988,-79.9873,-79.987,-79.9868,-79.9866,-79.9866,-79.9865,-79.9865,-79.9865,-79.9865,-79.9865,-79.9865,-79.9865,-79.9865,-79.9865,-79.9865,-79.9865,-79.9865,-79.9865,-79.9865,-79.9865,-79.9865,-79.9865,-79.9865,-79.9865,-79.9865,-79.9865,-79.9865,-79.9866,-79.9867,-79.9868,-79.9871
0.64,-79.9984,-79.9936,-79.9907,-79.989,-79.9879,-79.9873,-79.9869,-79.9867,-79.9866,-79.9865,-79.9865,-79.9865,-79.9865,-79.9864,-79.9864,-79.9864,-79.9864,-79.9864,-79.9864,-79.9864,-79.9864,-79.9864,-79.9864,-79.9864,-79.9864,-79.9864,-79.9864,-79.9864,-79.9864,-79.9865,-79.9865,-79.9865,-79.9866,-79.9867,-79.9868,-79.9871
0.645,-79.9984,-79.9936,-79.9907,-79.989,-79.9879,-79.9873,-79.9869,-79.9867,-79.9866,-79.9865,-79.9865,-79.9864,-79.9864,-79.9864,-79.9864,-79.9864,-79.9864,-79.9864,-79.9864,-79.9864,-79.9864,-79.9864,-79.9864,-79.9864,-79.9864,-79.9864,-79.9864,-79.9864,-79.9864,-79.9864,-79.9865,-79.9865,-79.9865,-79.9866,-79.9868,-79.987
0.65,-79.9984,-79.9936,-79.9907,-79.9889,-79.9879,-79.9873,-79.9869,-79.9867,-79.9865,-79.9865,-79.9864,-79.9864,-79.9864,-79.9864,-79.9864,-79.9864,-79.9864,-79.9864,-79.9864,-79.9864,-79.9864,-79.9864,-79.9864,-79.9864,-79.9864,-79.9864,-79.9864,-79.9864,-79.9864,-79.9864,-79.9864,-79.9865,-79.9865,-79.9866,-79.9868,-79.987
0.655,-79.9984,-79.9936,-79.9907,-79.9889,-79.9879,-79.9872,-79.9869,-79.9867,-79.9865,-79.9865,-79.9864,-79.9864,-79.9864,-79.9864,-79.9864,-79.9864,-79.9864,-79.9864,-79.9864,-79.9864,-79.9864,-79.9864,-79.9864,-79.9864,-79.9864,-79.9864,-79.9864,-79.9864,-79.9864,-79.9864,-79.9864,-79.9864,-79.9865,-79.9866,-79.9867,-79.987
0.66,-79.9984,-79.9936,-79.9907,-79.9889,-79.9879,-79.9872,-79.9868,-79.9866,-79.9865,-79.9864,-79.9864,-79.9864,-79.9863,-79.9863,-79.9863,-79.9863,-79.9863,-79.9863,-79.9863,-79.9863,-79.9863,-79.9863,-79.9863,-79.9863,-79.9863,-79.9863,-79.9863,-79.9863,-79.9863,-79.9864,-79.9864,-79.9864,-79.9865,-79.9865,-79.9867,-79.987
0.665,-79.9984,-79.9936,-79.9907,-79.9889,-79.9878,-79.9872,-79.9868,-79.9866,-79.9865,-79.9864,-79.9864,-79.9863,-79.9863,-79.9863,-79.9863,-79.9863,-79.9863,-79.9863,-79.9863,-79.9863,-79.9863,-79.9863,-79.9863,-79.9863,-79.9863,-79.9863,-79.9863,-79.9863,-79.9863,-79.9863,-79.9863,-79.9864,-79.9864,-79.9865,-79.9867,-79.9869
0.67,-79.9984,-79.9936,-79.9907,-79.9889,-79.9878,-79.9872,-79.9868,-79.9866,-79.9865,-79.9864,-79.9863,-79.9863,-79.9863,-79.9863,-79.9863,-79.9863,-79.9863,-79.9863,-79.9863,-79.9863,-79.9863,-79.9863,-79.9863,-79.9863,-79.9863,-79.9863,-79.9863,-79.9863,-79.9863,-79.9863,-79.9863,-79.9864,-79.9864,-79.9865,-79.9866,-79.9869
0.675,-79.9984,-79.9936,-79.9906,-79.9889,-79.9878,-79.9872,-79.9868,-79.9865,-79.9864,-79.9863,-79.9863,-79.9863,-79.9863,-79.9863,-79.9862,-79.9862,-79.9862,-79.9862,-79.9862,-79.9862,-79.9862,-79.9862,-79.9862,-79.9862,-79.9862,-79.9862,-79.9862,-79.9863,-79.9863,-79.9863,-79.9863,-79.9863,-79.9864,-79.9865,-79.9866,-79.9869
0.68,-79.9984,-79.9936,-79.9906,-79.9888,-79.9878,-79.9871,-79.9868,-79.9865,-79.9864,-79.9863,-79.9863,-79.9862,-79.9862,-79.9862,-79.9862,-79.9862,-79.9862,-79.9862,-79.9862,-79.9862,-79.9862,-79.9862,-79.9862,-79.9862,-79.9862,-79.9862,-79.9862,-79.9862,-79.9862,-79.9862,-79.9863,-79.9863,-79.9864,-79.9864,-79.9866,-79.9869
0.685,-79.9984,-79.9936,-79.9906,-79.9888,-79.9878,-79.9871,-79.9867,-79.9865,-79.9864,-79.9863,-79.9862,-79.9862,-79.9862,-79.9862,-79.9862,-79.9862,-79.9862,-79.9862,-79.9862,-79.9862,-79.9862,-79.9862,-79.9862,-79.9862,-79.9862,-79.9862,-79.9862,-79.9862,-79.9862,-79.9862,-79.9862,-79.9863,-79.9863,-79.9864,-79.9866,-79.9868
0.69,-79.9984,-79.9936,-79.9906,-79.9888,-79.9877,-79.9871,-79.9867,-79.9865,-79.9863,-79.9863,-79.9862,-79.9862,-79.9862,-79.9862,-79.9862,-79.9862,-79.9862,-79.9862,-79.9862,-79.9862,-79.9862,-79.9862,-79.9862,-79.9862,-79.9862,-79.9862,-79.9862,-79.9862,-79.9862,-79.9862,-79.9862,-79.9862,-79.9863,-79.9864,-79.9865,-79.9868
0.695,-79.9984,-79.9935,-79.9906,-79.9888,-79.9877,-79.9871,-79.9867,-79.9865,-79.9863,-79.9862,-79.9862,-79.9862,-79.9862,-79.9861,-79.9861,-79.9861,-79.9861,-79.9861,-79.9861,-79.9861,-79.9861,-79.9861,-79.9861,-79.9861,-79.9861,-79.9861,-79.9861,-79.9861,-79.9862,-79.9862,-79.9862,-79.9862,-79.9863,-79.9864,-79.9865,-79.9868
0.7,-79.9984,-79.9935,-79.9906,-79.9888,-79.9877,-79.987,-79.9867,-79.9864,-79.9863,-79.9862,-79.9862,-79.9861,-79.9861,-79.9861,-79.9861,-79.9861,-79.9861,-79.9861,-79.9861,-79.9861,-79.9861,-79.9861,-79.9861,-79.9861,-79.9861,-79.9861,-79.9861,-79.9861,-79.9861,-79.9861,-79.9862,-79.9862,-79.9863,-79.9863,-79.9865,-79.9868
0.705,-79.9984,-79.9935,-79.9906,-79.9888,-79.9877,-79.987,-79.9866,-79.9864,-79.9863,-79.9862,-79.9861,-79.9861,-79.9861,-79.9861,-79.9861,-79.9861,-79.9861,-79.9861,-79.9861,-79.9861,-79.9861,-79.9861,-79.9861,-79.9861,-79.9861,-79.9861,-79.9861,-79.9861,-79.9861,-79.9861,-79.9861,-79.9862,-79.9862,-79.9863,-79.9865,-79.9867
0.71,-79.9984,-79.9935,-79.9906,-79.9887,-79.9877,-79.987,-79.9866,-79.9864,-79.9862,-79.9862,-79.9861,-79.9861,-79.9861,-79.9861,-79.9861,-79.9861,-79.9861,-79.9861,-79.9861,-79.9861,-79.9861,-79.9861,-79.9861,-79.9861,-79.9861,-79.9861,-79.9861,-79.9861,-79.9861,-79.9861,-79.9861,-79.9861,-79.9862,-79.9863,-79.9865,-79.9867
0.715,-79.9984,-79.9935,-79.9905,-79.9887,-79.9876,-79.987,-79.9866,-79.9864,-79.9862,-79.9861,-79.9861,-79.9861,-79.9861,-79.986,-79.986,-79.986,-79.986,-79.986,-79.986,-79.986,-79.986,-79.986,-79.986,-79.986,-79.986,-79.986,-79.986,-79.986,-79.986,-79.9861,-79.9861,-79.9861,-79.9862,-79.9863,-79.9864,-79.9867
0.72,-79.9984,-79.9935,-79.9905,-79.9887,-79.9876,-79.987,-79.9866,-79.9863,-79.9862,-79.9861,-79.9861,-79.986,-79.986,-79.986,-79.986,-79.986,-79.986,-79.986,-79.986,-79.986,-79.986,-79.986,-79.986,-79.986,-79.986,-79.986,-79.986,-79.986,-79.986,-79.986,-79.9861,-79.9861,-79.9862,-79.9862,-79.9864,-79.9867
0.725,-79.9984,-79.9935,-79.9905,-79.9887,-79.9876,-79.9869,-79.9865,-79.9863,-79.9862,-79.9861,-79.986,-79.986,-79.986,-79.986,-79.986,-79.986,-79.986,-79.986,-79.986,-79.986,-79.986,-79.986,-79.986,-79.986,-79.986,-79.986,-79.986,-79.986,-79.986,-79.986,-79.986,-79.9861,-79.9861,-79.9862,-79.9864,-79.9866
0.73,-79.9984,-79.9935,-79.9905,-79.9887,-79.9876,-79.9869,-79.9865,-79.9863,-79.9862,-79.9861,-79.986,-79.986,-79.986,-79.986,-79.986,-79.986,-79.986,-79.986,-79.986,-79.986,-79.986,-79.986,-79.986,-79.986,-79.986,-79.986,-79.986,-79.986,-79.986,-79.986,-79.986,-79.986,-79.9861,-79.9862,-79.9864,-79.9866
0.735,-79.9984,-79.9935,-79.9905,-79.9887,-79.9876,-79.9869,-79.9865,-79.9863,-79.9861,-79.986,-79.986,-79.986,-79.986,-79.9859,-79.9859,-79.9859,-79.9859,-79.9859,-79.9859,-79.9859,-79.9859,-79.9859,-79.9859,-79.9859,-79.9859,-79.9859,-79.9859,-79.9859,-79.9859,-79.986,-79.986,-79.986,-79.9861,-79.9862,-79.9863,-79.9866
0.74,-79.9984,-79.9935,-79.9905,-79.9887,-79.9875,-79.9869,-79.9865,-79.9862,-79.9861,-79.986,-79.986,-79.9859,-79.9859,-79.9859,-79.9859,-79.9859,-79.9859,-79.9859,-79.9859,-79.9859,-79.9859,-79.9859,-79.9859,-79.9859,-79.9859,-79.9859,-79.9859,-79.9859,-79.9859,-79.9859,-79.986,-79.986,-79.9861,-79.9861,-79.9863,-79.9866
0.745,-79.9984,-79.9935,-79.9905,-79.9886,-79.9875,-79.9869,-79.9865,-79.9862,-79.9861,-79.986,-79.9859,-79.9859,-79.9859,-79.9859,-79.9859,-79.9859,-79.9859,-79.9859,-79.9859,-79.9859,-79.9859,-79.9859,-79.9859,-79.9859,-79.9859,-79.9859,-79.9859,-79.9859,-79.9859,-79.9859,-79.9859,-79.986,-79.986,-79.9861,-79.9863,-79.9865
0.75,-79.9984,-79.9935,-79.9905,-79.9886,-79.9875,-79.9868,-79.9864,-79.9862,-79.9861,-79.986,-79.9859,-79.9859,-79.9859,-79.9859,-79.9859,-79.9859,-79.9859,-79.9859,-79.9859,-79.9859,-79.9859,-79.9859,-79.9859,-79.9859,-79.9859,-79.9859,-79.9859,-79.9859,-79.9859,-79.9859,-79.9859,-79.9859,-79.986,-79.9861,-79.9863,-79.9865
0.755,-79.9984,-79.9935,-79.9904,-79.9886,-79.9875,-79.9868,-79.9864,-79.9862,-79.986,-79.9859,-79.9859,-79.9859,-79.9859,-79.9858,-79.9858,-79.9858,-79.9858,-79.9858,-79.9858,-79.9858,-79.9858,-79.9858,-79.9858,-79.9858,-79.9858,-79.9858,-79.9858,-79.9858,-79.9858,-79.9859,-79.9859,-79.9859,-79.986,-79.9861,-79.9862,-79.9865
0.76,-79.9984,-79.9935,-79.9904,-79.9886,-79.9875,-79.9868,-79.9864,-79.9862,-79.986,-79.9859,-79.9859,-79.9858,-79.9858,-79.9858,-79.9858,-79.9858,-79.9858,-79.9858,-79.9858,-79.9858,-79.9858,-79.9858,-79.9858,-79.9858,-79.9858,-79.9858,-79.9858,-79.9858,-79.9858,-79.9858,-79.9859,-79.9859,-79.986,-79.9861,-79.9862,-79.9865
0.765,-79.9984,-79.9935,-79.9904,-79.9886,-79.9875,-79.9868,-79.9864,-79.9861,-79.986,-79.9859,-79.9859,-79.9858,-79.9858,-79.9858,-79.9858,-79.9858,-79.9858,-79.9858,-79.9858,-79.9858,-79.9858,-79.9858,-79.9858,-79.9858,-79.9858,-79.9858,-79.9858,-79.9858,-79.9858,-79.9858,-79.9858,-79.9859,-79.9859,-79.986,-79.9862,-79.9865
0.77,-79.9984,-79.9935,-79.9904,-79.9886,-79.9874,-79.9868,-79.9864,-79.9861,-79.986,-79.9859,-79.9858,-79.9858,-79.9858,-79.9858,-79.9858,-79.9858,-79.9858,-79.9858,-79.9858,-79.9858,-79.9858,-79.9858,-79.9858,-79.9858,-79.9858,-79.9858,-79.9858,-79.9858,-79.9858,-79.9858,-79.9858,-79.9858,-79.9859,-79.986,-79.9862,-79.9864
0.775,-79.9984,-79.9934,-79.9904,-79.9885,-79.9874,-79.9867,-79.9863,-79.9861,-79.9859,-79.9859,-79.9858,-79.9858,-79.9858,-79.9857,-79.9857,-79.9857,-79.9857,-79.9857,-79.9857,-79.9857,-79.9857,-79.9857,-79.9857,-79.9857,-79.9857,-79.9857,-79.9857,-79.9857,-79.9858,-79.9858,-79.9858,-79.9858,-79.9859,-79.986,-79.9861,-79.9864
0.78,-79.9984,-79.9934,-79.9904,-79.9885,-79.9874,-79.9867,-79.9863,-79.9861,-79.9859,-79.9858,-79.9858,-79.9857,-79.9857,-79.9857,-79.9857,-79.9857,-79.9857,-79.9857,-79.9857,-79.9857,-79.9857,-79.9857,-79.9857,-79.9857,-79.9857,-79.9857,-79.9857,-79.9857,-79.9857,-79.9857,-79.9858,-79.9858,-79.9859,-79.986,-79.9861,-79.9864
0.785,-79.9984,-79.9934,-79.9904,-79.9885,-79.9874,-79.9867,-79.9863,-79.986,-79.9859,-79.9858,-79.9858,-79.9857,-79.9857,-79.9857,-79.9857,-79.9857,-79.9857,-79.9857,-79.9857,-79.9857,-79.9857,-79.9857,-79.9857,-79.9857,-79.9857,-79.9857,-79.9857,-79.9857,-79.9857,-79.9857,-79.9857,-79.9858,-79.9858,-79.9859,-79.9861,-79.9864
0.79,-79.9984,-79.9934,-79.9904,-79.9885,-79.9874,-79.9867,-79.9863,-79.986,-79.9859,-79.9858,-79.9857,-79.9857,-79.9857,-79.9857,-79.9857,-79.9857,-79.9857,-79.9857,-79.9857,-79.9857,-79.9857,-79.9857,-79.9857,-79.9857,-79.9857,-79.9857,-79.9857,-79.9857,-79.9857,-79.9857,-79.9857,-79.9858,-79.9858,-79.9859,-79.9861,-79.9863
0.795,-79.9984,-79.9934,-79.9904,-79.9885,-79.9874,-79.9867,-79.9862,-79.986,-79.9858,-79.9858,-79.9857,-79.9857,-79.9857,-79.9857,-79.9856,-79.9856,-79.9856,-79.9856,-79.9856,-79.9856,-79.9856,-79.9856,-79.9856,-79.9856,-79.9856,-79.9856,-79.9856,-79.9856,-79.9857,-79.9857,-79.9857,-79.9857,-79.9858,-79.9859,-79.9861,-79.9863
0.8,-79.9984,-79.9934,-79.9903,-79.9885,-79.9873,-79.9866,-79.9862,-79.986,-79.9858,-79.9857,-79.9857,-79.9857,-79.9856,-79.9856,-79.9856,-79.9856,-79.9856,-79.9856,-79.9856,-79.9856,-79.9856,-79.9856,-79.9856,-79.9856,-79.9856,-79.9856,-79.9856,-79.9856,-79.9856,-79.9856,-79.9857,-79.9857,-79.9858,-79.9859,-79.986,-79.9863
0.805,-79.9984,-79.9934,-79.9903,-79.9885,-79.9873,-79.9866,-79.9862,-79.986,-79.9858,-79.9857,-79.9857,-79.9856,-79.9856,-79.9856,-79.9856,-79.9856,-79.9856,-79.9856,-79.9856,-79.9856,-79.9856,-79.9856,-79.9856,-79.9856,-79.9856,-79.9856,-79.9856,-79.9856,-79.9856,-79.9856,-79.9856,-79.9857,-79.9857,-79.9858,-79.986,-79.9863
0.81,-79.9984,-79.9934,-79.9903,-79.9884,-79.9873,-79.9866,-79.9862,-79.9859,-79.9858,-79.9857,-79.9856,-79.9856,-79.9856,-79.9856,-79.9856,-79.9856,-79.9856,-79.9856,-79.9856,-79.9856,-79.9856,-79.9856,-79.9856,-79.9856,-79.9856,-79.9856,-79.9856,-79.9856,-79.9856,-79.9856,-79.9856,-79.9857,-79.9857,-79.9858,-79.986,-79.9863
0.815,-79.9984,-79.9934,-79.9903,-79.9884,-79.9873,-79.9866,-79.9862,-79.9859,-79.9858,-79.9857,-79.9856,-79.9856,-79.9856,-79.9856,-79.9856,-79.9855,-79.9855,-79.9855,-79.9855,-79.9855,-79.9855,-79.9855,-79.9855,-79.9855,-79.9855,-79.9855,-79.9855,-79.9856,-79.9856,-79.9856,-79.9856,-79.9856,-79.9857,-79.9858,-79.986,-79.9862
0.82,-79.9984,-79.9934,-79.9903,-79.9884,-79.9873,-79.9866,-79.9861,-79.9859,-79.9857,-79.9856,-79.9856,-79.9856,-79.9855,-79.9855,-79.9855,-79.9855,-79.9855,-79.9855,-79.9855,-79.9855,-79.9855,-79.9855,-79.9855,-79.9855,-79.9855,-79.9855,-79.9855,-79.9855,-79.9855,-79.9856,-79.9856,-79.9856,-79.9857,-79.9858,-79.9859,-79.9862
0.825,-79.9984,-79.9934,-79.9903,-79.9884,-79.9872,-79.9865,-79.9861,-79.9859,-79.9857,-79.9856,-79.9856,-79.9855,-79.9855,-79.9855,-79.9855,-79.9855,-79.9855,-79.9855,-79.9855,-79.9855,-79.9855,-79.9855,-79.9855,-79.9855,-79.9855,-79.9855,-79.9855,-79.9855,-79.9855,-79.9855,-79.9856,-79.9856,-79.9857,-79.9858,-79.9859,-79.9862
0.83,-79.9984,-79.9934,-79.9903,-79.9884,-79.9872,-79.9865,-79.9861,-79.9858,-79.9857,-79.9856,-79.9855,-79.9855,-79.9855,-79.9855,-79.9855,-79.9855,-79.9855,-79.9855,-79.9855,-79.9855,-79.9855,-79.9855,-79.9855,-79.9855,-79.9855,-79.9855,-79.9855,-79.9855,-79.9855,-79.9855,-79.9855,-79.9856,-79.9856,-79.9857,-79.9859,-79.9862
0.835,-79.9984,-79.9934,-79.9903,-79.9884,-79.9872,-79.9865,-79.9861,-79.9858,-79.9857,-79.9856,-79.9855,-79.9855,-79.9855,-79.9855,-79.9855,-79.9855,-79.9855,-79.9855,-79.9855,-79.9855,-79.9855,-79.9855,-79.9855,-79.9855,-79.9855,-79.9855,-79.9855,-79.9855,-79.9855,-79.9855,-79.9855,-79.9855,-79.9856,-79.9857,-79.9859,-79.9861
0.84,-79.9984,-79.9934,-79.9903,-79.9884,-79.9872,-79.9865,-79.9861,-79.9858,-79.9857,-79.9856,-79.9855,-79.9855,-79.9855,-79.9855,-79.9854,-79.9854,-79.9854,-79.9854,-79.9854,-79.9854,-79.9854,-79.9854,-79.9854,-79.9854,-79.9854,-79.9854,-79.9854,-79.9854,-79.9855,-79.9855,-79.9855,-79.9855,-79.9856,-79.9857,-79.9859,-79.9861
0.845,-79.9984,-79.9934,-79.9903,-79.9883,-79.9872,-79.9865,-79.986,-79.9858,-79.9856,-79.9855,-79.9855,-79.9855,-79.9854,-79.9854,-79.9854,-79.9854,-79.9854,-79.9854,-79.9854,-79.9854,-79.9854,-79.9854,-79.9854,-79.9854,-79.9854,-79.9854,-79.9854,-79.9854,-79.9854,-79.9854,-79.9855,-79.9855,-79.9856,-79.9857,-79.9858,-79.9861
0.85,-79.9984,-79.9934,-79.9902,-79.9883,-79.9872,-79.9865,-79.986,-79.9858,-79.9856,-79.9855,-79.9855,-79.9854,-79.9854,-79.9854,-79.9854,-79.9854,-79.9854,-79.9854,-79.9854,-79.9854,-79.9854,-79.9854,-79.9854,-79.9854,-79.9854,-79.9854,-79.9854,-79.9854,-79.9854,-79.9854,-79.9854,-79.9855,-79.9855,-79.9856,-79.9858,-79.9861
0.855,-79.9984,-79.9934,-79.9902,-79.9883,-79.9871,-79.9864,-79.986,-79.9857,-79.9856,-79.9855,-79.9854,-79.9854,-79.9854,-79.9854,-79.9854,-79.9854,-79.9854,-79.9854,-79.9854,-79.9854,-79.9854,-79.9854,-79.9854,-79.9854,-79.9854,-79.9854,-79.9854,-79.9854,-79.9854,-79.9854,-79.9854,-79.9855,-79.9855,-79.9856,-79.9858,-79.9861
0.86,-79.9984,-79.9933,-79.9902,-79.9883,-79.9871,-79.9864,-79.986,-79.9857,-79.9856,-79.9855,-79.9854,-79.9854,-79.9854,-79.9854,-79.9854,-79.9854,-79.9853,-79.9853,-79.9853,-79.9853,-79.9853,-79.9853,-79.9853,-79.9853,-79.9853,-79.9853,-79.9854,-79.9854,-79.9854,-79.9854,-79.9854,-79.9854,-79.9855,-79.9856,-79.9858,-79.986
0.865,-79.9984,-79.9933,-79.9902,-79.9883,-79.9871,-79.9864,-79.986,-79.9857,-79.9855,-79.9855,-79.9854,-79.9854,-79.9853,-79.9853,-79.9853,-79.9853,-79.9853,-79.9853,-79.9853,-79.9853,-79.9853,-79.9853,-79.9853,-79.9853,-79.9853,-79.9853,-79.9853,-79.9853,-79.9853,-79.9854,-79.9854,-79.9854,-79.9855,-79.9856,-79.9857,-79.986
0.87,-79.9984,-79.9933,-79.9902,-79.9883,-79.9871,-79.9864,-79.9859,-79.9857,-79.9855,-79.9854,-79.9854,-79.9853,-79.9853,-79.9853,-79.9853,-79.9853,-79.9853,-79.9853,-79.9853,-79.9853,-79.9853,-79.9853,-79.9853,-79.9853,-79.9853,-79.9853,-79.9853,-79.9853,-79.9853,-79.9853,-79.9854,-79.9854,-79.9855,-79.9856,-79.9857,-79.986
0.875,-79.9984,-79.9933,-79.9902,-79.9883,-79.9871,-79.9864,-79.9859,-79.9857,-79.9855,-79.9854,-79.9854,-79.9853,-79.9853,-79.9853,-79.9853,-79.9853,-79.9853,-79.9853,-79.9853,-79.9853,-79.9853,-79.9853,-79.9853,-79.9853,-79.9853,-79.9853,-79.9853,-79.9853,-79.9853,-79.9853,-79.9853,-79.9854,-79.9854,-79.9855,-79.9857,-79.986
0.88,-79.9984,-79.9933,-79.9902,-79.9883,-79.9871,-79.9863,-79.9859,-79.9856,-79.9855,-79.9854,-79.9853,-79.9853,-79.9853,-79.9853,-79.9853,-79.9853,-79.9853,-79.9853,-79.9853,-79.9853,-79.9853,-79.9853,-79.9853,-79.9853,-79.9853,-79.9853,-79.9853,-79.9853,-79.9853,-79.9853,-79.9853,-79.9854,-79.9854,-79.9855,-79.9857,-79.986
0.885,-79.9984,-79.9933,-79.9902,-79.9882,-79.9871,-79.9863,-79.9859,-79.9856,-79.9855,-79.9854,-79.9853,-79.9853,-79.9853,-79.9853,-79.9852,-79.9852,-79.9852,-79.9852,-79.9852,-79.9852,-79.9852,-79.9852,-79.9852,-79.9852,-79.9852,-79.9852,-79.9852,-79.9852,-79.9853,-79.9853,-79.9853,-79.9853,-79.9854,-79.9855,-79.9857,-79.9859
0.89,-79.9984,-79.9933,-79.9902,-79.9882,-79.987,-79.9863,-79.9859,-79.9856,-79.9854,-79.9854,-79.9853,-79.9853,-79.9852,-79.9852,-79.9852,-79.9852,-79.9852,-79.9852,-79.9852,-79.9852,-79.9852,-79.9852,-79.9852,-79.9852,-79.9852,-79.9852,-79.9852,-79.9852,-79.9852,-79.9852,-79.9853,-79.9853,-79.9854,-79.9855,-79.9856,-79.9859
0.895,-79.9984,-79.9933,-79.9902,-79.9882,-79.987,-79.9863,-79.9858,-79.9856,-79.9854,-79.9853,-79.9853,-79.9852,-79.9852,-79.9852,-79.9852,-79.9852,-79.9852,-79.9852,-79.9852,-79.9852,-79.9852,-79.9852,-79.9852,-79.9852,-79.9852,-79.9852,-79.9852,-79.9852,-79.9852,-79.9852,-79.9852,-79.9853,-79.9854,-79.9855,-79.9856,-79.9859
0.9,-79.9984,-79.9933,-79.9901,-79.9882,-79.987,-79.9863,-79.9858,-79.9856,-79.9854,-79.9853,-79.9853,-79.9852,-79.9852,-79.9852,-79.9852,-79.9852,-79.9852,-79.9852,-79.9852,-79.9852,-79.9852,-79.9852,-79.9852,-79.9852,-79.9852,-79.9852,-79.9852,-79.9852,-79.9852,-79.9852,-79.9852,-79.9853,-79.9853,-79.9854,-79.9856,-79.9859
0.905,-79.9984,-79.9933,-79.9901,-79.9882,-79.987,-79.9863,-79.9858,-79.9855,-79.9854,-79.9853,-79.9852,-79.9852,-79.9852,-79.9852,-79.9852,-79.9852,-79.9852,-79.9851,-79.9851,-79.9851,-79.9851,-79.9851,-79.9851,-79.9851,-79.9852,-79.9852,-79.9852,-79.9852,-79.9852,-79.9852,-79.9852,-79.9852,-79.9853,-79.9854,-79.9856,-79.9859
0.91,-79.9984,-79.9933,-79.9901,-79.9882,-79.987,-79.9862,-79.9858,-79.9855,-79.9854,-79.9853,-79.9852,-79.9852,-79.9852,-79.9851,-79.9851,-79.9851,-79.9851,-79.9851,-79.9851,-79.9851,-79.9851,-79.9851,-79.9851,-79.9851,-79.9851,-79.9851,-79.9851,-79.9851,-79.9851,-79.9852,-79.9852,-79.9852,-79.9853,-79.9854,-79.9856,-79.9858
0.915,-79.9984,-79.9933,-79.9901,-79.9882,-79.987,-79.9862,-79.9858,-79.9855,-79.9853,-79.9852,-79.9852,-79.9852,-79.9851,-79.9851,-79.9851,-79.9851,-79.9851,-79.9851,-79.9851,-79.9851,-79.9851,-79.9851,-79.9851,-79.9851,-79.9851,-79.9851,-79.9851,-79.9851,-79.9851,-79.9851,-79.9852,-79.9852,-79.9853,-79.9854,-79.9855,-79.9858
0.92,-79.9984,-79.9933,-79.9901,-79.9881,-79.9869,-79.9862,-79.9858,-79.9855,-79.9853,-79.9852,-79.9852,-79.9851,-79.9851,-79.9851,-79.9851,-79.9851,-79.9851,-79.9851,-79.9851,-79.9851,-79.9851,-79.9851,-79.9851,-79.9851,-79.9851,-79.9851,-79.9851,-79.9851,-79.9851,-79.9851,-79.9851,-79.9852,-79.9852,-79.9854,-79.9855,-79.9858
0.925,-79.9984,-79.9933,-79.9901,-79.9881,-79.9869,-79.9862,-79.9857,-79.9855,-79.9853,-79.9852,-79.9851,-79.9851,-79.9851,-79.9851,-79.9851,-79.9851,-79.9851,-79.9851,-79.9851,-79.9851,-79.9851,-79.9851,-79.9851,-79.9851,-79.9851,-79.9851,-79.9851,-79.9851,-79.9851,-79.9851,-79.9851,-79.9852,-79.9852,-79.9853,-79.9855,-79.9858
0.93,-79.9984,-79.9933,-79.9901,-79.9881,-79.9869,-79.9862,-79.9857,-79.9854,-79.9853,-79.9852,-79.9851,-79.9851,-79.9851,-79.9851,-79.9851,-79.985,-79.985,-79.985,-79.985,-79.985,-79.985,-79.985,-79.985,-79.985,-79.985,-79.985,-79.985,-79.9851,-79.9851,-79.9851,-79.9851,-79.9851,-79.9852,-79.9853,-79.9855,-79.9858
0.935,-79.9984,-79.9933,-79.9901,-79.9881,-79.9869,-79.9862,-79.9857,-79.9854,-79.9853,-79.9852,-79.9851,-79.9851,-79.985,-79.985,-79.985,-79.985,-79.985,-79.985,-79.985,-79.985,-79.985,-79.985,-79.985,-79.985,-79.985,-79.985,-79.985,-79.985,-79.985,-79.9851,-79.9851,-79.9851,-79.9852,-79.9853,-79.9855,-79.9857
0.94,-79.9984,-79.9933,-79.9901,-79.9881,-79.9869,-79.9861,-79.9857,-79.9854,-79.9852,-79.9851,-79.9851,-79.985,-79.985,-79.985,-79.985,-79.985,-79.985,-79.985,-79.985,-79.985,-79.985,-79.985,-79.985,-79.985,-79.985,-79.985,-79.985,-79.985,-79.985,-79.985,-79.9851,-79.9851,-79.9852,-79.9853,-79.9854,-79.9857
0.945,-79.9984,-79.9933,-79.9901,-79.9881,-79.9869,-79.9861,-79.9857,-79.9854,-79.9852,-79.9851,-79.9851,-79.985,-79.985,-79.985,-79.985,-79.985,-79.985,-79.985,-79.985,-79.985,-79.985,-79.985,-79.985,-79.985,-79.985,-79.985,-79.985,-79.985,-79.985,-79.985,-79.985,-79.9851,-79.9851,-79.9853,-79.9854,-79.9857
0.95,-79.9984,-79.9933,-79.9901,-79.9881,-79.9868,-79.9861,-79.9856,-79.9854,-79.9852,-79.9851,-79.985,-79.985,-79.985,-79.985,-79.985,-79.985,-79.985,-79.985,-79.985,-79.985,-79.985,-79.985,-79.985,-79.985,-79.985,-79.985,-79.985,-79.985,-79.985,-79.985,-79.985,-79.9851,-79.9851,-79.9852,-79.9854,-79.9857
0.955,-79.9984,-79.9932,-79.99,-79.9881,-79.9868,-79.9861,-79.9856,-79.9854,-79.9852,-79.9851,-79.985,-79.985,-79.985,-79.985,-79.9849,-79.9849,-79.9849,-79.9849,-79.9849,-79.9849,-79.9849,-79.9849,-79.9849,-79.9849,-79.9849,-79.9849,-79.9849,-79.9849,-79.985,-79.985,-79.985,-79.985,-79.9851,-79.9852,-79.9854,-79.9857
0.96,-79.9984,-79.9932,-79.99,-79.988,-79.9868,-79.9861,-79.9856,-79.9853,-79.9852,-79.9851,-79.985,-79.985,-79.9849,-79.9849,-79.9849,-79.9849,-79.9849,-79.9849,-79.9849,-79.9849,-79.9849,-79.9849,-79.9849,-79.9849,-79.9849,-79.9849,-79.9849,-79.9849,-79.9849,-79.985,-79.985,-79.985,-79.9851,-79.9852,-79.9854,-79.9856
0.965,-79.9984,-79.9932,-79.99,-79.988,-79.9868,-79.9861,-79.9856,-79.9853,-79.9851,-79.985,-79.985,-79.9849,-79.9849,-79.9849,-79.9849,-79.9849,-79.9849,-79.9849,-79.9849,-79.9849,-79.9849,-79.9849,-79.9849,-79.9849,-79.9849,-79.9849,-79.9849,-79.9849,-79.9849,-79.9849,-79.985,-79.985,-79.9851,-79.9852,-79.9853,-79.9856
0.97,-79.9984,-79.9932,-79.99,-79.988,-79.9868,-79.986,-79.9856,-79.9853,-79.9851,-79.985,-79.985,-79.9849,-79.9849,-79.9849,-79.9849,-79.9849,-79.9849,-79.9849,-79.9849,-79.9849,-79.9849,-79.9849,-79.9849,-79.9849,-79.9849,-79.9849,-79.9849,-79.9849,-79.9849,-79.9849,-79.9849,-79.985,-79.985,-79.9852,-79.9853,-79.9856
0.975,-79.9984,-79.9932,-79.99,-79.988,-79.9868,-79.986,-79.9856,-79.9853,-79.9851,-79.985,-79.9849,-79.9849,-79.9849,-79.9849,-79.9849,-79.9849,-79.9849,-79.9849,-79.9849,-79.9849,-79.9849,-79.9849,-79.9849,-79.9849,-79.9849,-79.9849,-79.9849,-79.9849,-79.9849,-79.9849,-79.9849,-79.985,-79.985,-79.9851,-79.9853,-79.9856
0.98,-79.9984,-79.9932,-79.99,-79.988,-79.9868,-79.986,-79.9855,-79.9853,-79.9851,-79.985,-79.9849,-79.9849,-79.9849,-79.9849,-79.9848,-79.9848,-79.9848,-79.9848,-79.9848,-79.9848,-79.9848,-79.9848,-79.9848,-79.9848,-79.9848,-79.9848,-79.9848,-79.9848,-79.9849,-79.9849,-79.9849,-79.9849,-79.985,-79.9851,-79.9853,-79.9856
0.985,-79.9984,-79.9932,-79.99,-79.988,-79.9867,-79.986,-79.9855,-79.9852,-79.9851,-79.985,-79.9849,-79.9849,-79.9848,-79.9848,-79.9848,-79.9848,-79.9848,-79.9848,-79.9848,-79.9848,-79.9848,-79.9848,-79.9848,-79.9848,-79.9848,-79.9848,-79.9848,-79.9848,-79.9848,-79.9849,-79.9849,-79.9849,-79.985,-79.9851,-79.9853,-79.9855
0.99,-79.9984,-79.9932,-79.99,-79.988,-79.9867,-79.986,-79.9855,-79.9852,-79.9851,-79.9849,-79.9849,-79.9848,-79.9848,-79.9848,-79.9848,-79.9848,-79.9848,-79.9848,-79.9848,-79.9848,-79.9848,-79.9848,-79.9848,-79.9848,-79.9848,-79.9848,-79.9848,-79.9848,-79.9848,-79.9848,-79.9849,-79.9849,-79.985,-79.9851,-79.9853,-79.9855
0.995,-79.9984,-79.9932,-79.99,-79.988,-79.9867,-79.986,-79.9855,-79.9852,-79.985,-79.9849,-79.9849,-79.9848,-79.9848,-79.9848,-79.9848,-79.9848,-79.9848,-79.9848,-79.9848,-79.9848,-79.9848,-79.9848,-79.9848,-79.9848,-79.9848,-79.9848,-79.9848,-79.9848,-79.9848,-79.9848,-79.9848,-79.9849,-79.9849,-79.9851,-79.9852,-79.9855
1,-79.9984,-79.9932,-79.99,-79.9879,-79.9867,-79.9859,-79.9855,-79.9852,-79.985,-79.9849,-79.9848,-79.9848,-79.9848,-79.9848,-79.9848,-79.9848,-79.9848,-79.9848,-79.9848,-79.9848,-79.9848,-79.9848,-79.9848,-79.9848,-79.9848,-79.9848,-79.9848,-79.9848,-79.9848,-79.9848,-79.9848,-79.9849,-79.9849,-79.985,-79.9852,-79.9855
1.005,-13.3331,-67.4717,-77.6381,-79.5462,-79.9037,-79.9703,-79.9825,-79.9846,-79.9849,-79.9849,-79.9848,-79.9848,-79.9848,-79.9848,-79.9847,-79.9847,-79.9847,-79.9847,-79.9847,-79.9847,-79.9847,-79.9847,-79.9847,-79.9847,-79.9847,-79.9847,-79.9847,-79.9847,-79.9848,-79.9848,-79.9848,-79.9848,-79.9849,-79.985,-79.9852,-79.9855
1.01,-2.2222,-57.4359,-74.2615,-78.6318,-79.6794,-79.9183,-79.9709,-79.9821,-79.9843,-79.9847,-79.9848,-79.9848,-79.9847,-79.9847,-79.9847,-79.9847,-79.9847,-79.9847,-79.9847,-79.9847,-79.9847,-79.9847,-79.9847,-79.9847,-79.9847,-79.9847,-79.9847,-79.9847,-79.9847,-79.9848,-79.9848,-79.9848,-79.9849,-79.985,-79.9852,-79.9855
1.015,-0.370355,-51.3707,-71.1131,-77.4857,-79.3265,-79.8199,-79.9452,-79.9756,-79.9828,-79.9844,-79.9847,-79.9847,-79.9847,-79.9847,-79.9847,-79.9847,-79.9847,-79.9847,-79.9847,-79.9847,-79.9847,-79.9847,-79.9847,-79.9847,-79.9847,-79.9847,-79.9847,-79.9847,-79.9847,-79.9847,-79.9848,-79.9848,-79.9849,-79.985,-79.9852,-79.9854
1.02,-0.0616872,-47.5776,-68.5455,-76.3199,-78.895,-79.6791,-79.903,-79.9638,-79.9796,-79.9835,-79.9845,-79.9847,-79.9847,-79.9847,-79.9847,-79.9847,-79.9847,-79.9847,-79.9847,-79.9847,-79.9847,-79.9847,-79.9847,-79.9847,-79.9847,-79.9847,-79.9847,-79.9847,-79.9847,-79.9847,-79.9847,-79.9848,-79.9848,-79.985,-79.9851,-79.9854
1.025,15.2411,-41.8382,-65.915,-75.1285,-78.4123,-79.5036,-79.8446,-79.9456,-79.9742,-79.982,-79.984,-79.9845,-79.9846,-79.9847,-79.9847,-79.9847,-79.9847,-79.9847,-79.9847,-79.9847,-79.9847,-79.9847,-79.9847,-79.9847,-79.9847,-79.9847,-79.9847,-79.9847,-79.9847,-79.9847,-79.9847,-79.9848,-79.9848,-79.9849,-79.9851,-79.9854
1.03,20.5659,-35.9564,-63.144,-73.8812,-77.8864,-79.2989,-79.7708,-79.9207,-79.9663,-79.9796,-79.9833,-79.9843,-79.9846,-79.9846,-79.9846,-79.9846,-79.9846,-79.9846,-79.9846,-79.9846,-79.9846,-79.9846,-79.9846,-79.9846,-79.9846,-79.9846,-79.9846,-79.9846,-79.9847,-79.9847,-79.9847,-79.9847,-79.9848,-79.9849,-79.9851,-79.9854
1.035,22.528,-29.5674,-60.1576,-72.5475,-77.3148,-79.0674,-79.6826,-79.8891,-79.9555,-79.9761,-79.9822,-79.984,-79.9845,-79.9846,-79.9846,-79.9846,-79.9846,-79.9846,-79.9846,-79.9846,-79.9846,-79.9846,-79.9846,-79.9846,-79.9846,-79.9846,-79.9846,-79.9846,-79.9846,-79.9847,-79.9847,-79.9847,-79.9848,-79.9849,-79.9851,-79.9854
1.04,23.7114,-21.3545,-56.6466,-71.0527,-76.6816,-78.8069,-79.58,-79.8506,-79.9418,-79.9714,-79.9807,-79.9835,-79.9843,-79.9845,-79.9846,-79.9846,-79.9846,-79.9846,-79.9846,-79.9846,-79.9846,-79.9846,-79.9846,-79.9846,-79.9846,-79.9846,-79.9846,-79.9846,-79.9846,-79.9846,-79.9847,-79.9847,-79.9848,-79.9849,-79.9851,-79.9854
1.045,25.1708,-10.4808,-52.2266,-69.2781,-75.9548,-78.5101,-79.4615,-79.8049,-79.9248,-79.9653,-79.9786,-79.9828,-79.9841,-79.9844,-79.9845,-79.9846,-79.9846,-79.9846,-79.9846,-79.9846,-79.9846,-79.9846,-79.9846,-79.9846,-79.9846,-79.9846,-79.9846,-79.9846,-79.9846,-79.9846,-79.9846,-79.9847,-79.9848,-79.9849,-79.985,-79.9853
1.05,27.0909,1.60568,-46.8578,-67.1429,-75.0997,-78.1656,-79.3239,-79.7511,-79.9044,-79.9578,-79.9759,-79.9818,-79.9837,-79.9843,-79.9845,-79.9845,-79.9846,-79.9846,-79.9846,-79.9846,-79.9846,-79.9846,-79.9846,-79.9846,-79.9846,-79.9846,-79.9846,-79.9846,-79.9846,-79.9846,-79.9846,-79.9847,-79.9847,-79.9848,-79.985,-79.9853
1.055,28.9217,11.0119,-41.0611,-64.6949,-74.1044,-77.7646,-79.1636,-79.6879,-79.8799,-79.9486,-79.9725,-79.9806,-79.9833,-79.9842,-79.9844,-79.9845,-79.9845,-79.9845,-79.9845,-79.9845,-79.9845,-79.9845,-79.9845,-79.9845,-79.9845,-79.9846,-79.9846,-79.9846,-79.9846,-79.9846,-79.9846,-79.9846,-79.9847,-79.9848,-79.985,-79.9853
1.06,30.0935,16.0811,-35.0978,-62.0077,-72.976,-77.3029,-78.9775,-79.6139,-79.851,-79.9375,-79.9684,-79.9791,-79.9828,-79.984,-79.9844,-79.9845,-79.9845,-79.9845,-79.9845,-79.9845,-79.9845,-79.9845,-79.9845,-79.9845,-79.9845,-79.9845,-79.9845,-79.9845,-79.9846,-79.9846,-79.9846,-79.9846,-79.9847,-79.9848,-79.985,-79.9853
1.065,30.5661,18.4227,-28.3133,-58.9868,-71.7003,-76.7755,-78.7629,-79.5278,-79.817,-79.9244,-79.9634,-79.9772,-79.9821,-79.9837,-79.9843,-79.9844,-79.9845,-79.9845,-79.9845,-79.9845,-79.9845,-79.9845,-79.9845,-79.9845,-79.9845,-79.9845,-79.9845,-79.9845,-79.9845,-79.9845,-79.9846,-79.9846,-79.9847,-79.9848,-79.985,-79.9853
1.07,30.6035,19.8053,-19.5928,-55.3358,-70.2102,-76.1662,-78.5149,-79.4279,-79.7773,-79.9088,-79.9573,-79.975,-79.9812,-79.9834,-79.9841,-79.9844,-79.9845,-79.9845,-79.9845,-79.9845,-79.9845,-79.9845,-79.9845,-79.9845,-79.9845,-79.9845,-79.9845,-79.9845,-79.9845,-79.9845,-79.9846,-79.9846,-79.9847,-79.9848,-79.985,-79.9852
1.075,30.4769,21.1627,-8.50848,-50.7458,-68.4036,-75.4454,-78.225,-79.3113,-79.7307,-79.8904,-79.9502,-79.9722,-79.9802,-79.983,-79.984,-79.9843,-79.9844,-79.9845,-79.9845,-79.9845,-79.9845,-79.9845,-79.9845,-79.9845,-79.9845,-79.9845,-79.9845,-79.9845,-79.9845,-79.9845,-79.9845,-79.9846,-79.9846,-79.9848,-79.9849,-79.9852
1.08,30.3294,22.6579,2.96809,-45.2962,-66.2311,-74.5853,-77.8825,-79.1745,-79.6762,-79.8687,-79.9417,-79.9689,-79.9789,-79.9825,-79.9838,-79.9842,-79.9844,-79.9844,-79.9844,-79.9844,-79.9844,-79.9845,-79.9845,-79.9845,-79.9845,-79.9845,-79.9845,-79.9845,-79.9845,-79.9845,-79.9845,-79.9846,-79.9846,-79.9847,-79.9849,-79.9852
1.085,30.145,23.8989,11.2499,-39.4802,-63.7523,-73.5802,-77.4799,-79.0136,-79.612,-79.8433,-79.9317,-79.965,-79.9774,-79.9819,-79.9836,-79.9841,-79.9843,-79.9844,-79.9844,-79.9844,-79.9844,-79.9844,-79.9844,-79.9844,-79.9844,-79.9844,-79.9844,-79.9844,-79.9845,-79.9845,-79.9845,-79.9845,-79.9846,-79.9847,-79.9849,-79.9852
1.09,29.8426,24.5657,15.5371,-33.3409,-61.0041,-72.4336,-77.0131,-78.8257,-79.5368,-79.8134,-79.9198,-79.9603,-79.9756,-79.9812,-79.9833,-79.984,-79.9843,-79.9844,-79.9844,-79.9844,-79.9844,-79.9844,-79.9844,-79.9844,-79.9844,-79.9844,-79.9844,-79.9844,-79.9844,-79.9845,-79.9845,-79.9845,-79.9846,-79.9847,-79.9849,-79.9852
1.095,29.3817,24.7041,17.5605,-26.0817,-57.8391,-71.1182,-76.4745,-78.6074,-79.4491,-79.7783,-79.9059,-79.9548,-79.9734,-79.9804,-79.9829,-79.9839,-79.9842,-79.9843,-79.9844,-79.9844,-79.9844,-79.9844,-79.9844,-79.9844,-79.9844,-79.9844,-79.9844,-79.9844,-79.9844,-79.9844,-79.9845,-79.9845,-79.9846,-79.9847,-79.9849,-79.9852
1.1,28.7805,24.5272,18.8816,-16.6855,-53.9425,-69.5556,-75.8441,-78.3529,-79.3466,-79.7372,-79.8895,-79.9483,-79.9708,-79.9794,-79.9825,-79.9837,-79.9841,-79.9843,-79.9843,-79.9844,-79.9844,-79.9844,-79.9844,-79.9844,-79.9844,-79.9844,-79.9844,-79.9844,-79.9844,-79.9844,-79.9844,-79.9845,-79.9846,-79.9847,-79.9848,-79.9851
1.105,28.0842,24.2234,20.2431,-5.26297,-49.0824,-67.6512,-75.0913,-78.0526,-79.2263,-79.689,-79.8703,-79.9407,-79.9678,-79.9782,-79.9821,-79.9835,-79.9841,-79.9842,-79.9843,-79.9843,-79.9844,-79.9844,-79.9844,-79.9844,-79.9844,-79.9844,-79.9844,-79.9844,-79.9844,-79.9844,-79.9844,-79.9845,-79.9845,-79.9846,-79.9848,-79.9851
1.11,27.33,23.8725,21.6328,5.48676,-43.4902,-65.3882,-74.1941,-77.6965,-79.0844,-79.6324,-79.8477,-79.9317,-79.9643,-79.9768,-79.9815,-79.9833,-79.984,-79.9842,-79.9843,-79.9843,-79.9843,-79.9843,-79.9843,-79.9843,-79.9843,-79.9843,-79.9843,-79.9844,-79.9844,-79.9844,-79.9844,-79.9844,-79.9845,-79.9846,-79.9848,-79.9851
1.115,26.529,23.4476,22.6327,12.4683,-37.6064,-62.8355,-73.152,-77.2783,-78.9174,-79.5658,-79.8211,-79.9211,-79.9601,-79.9751,-79.9808,-79.983,-79.9838,-79.9841,-79.9843,-79.9843,-79.9843,-79.9843,-79.9843,-79.9843,-79.9843,-79.9843,-79.9843,-79.9843,-79.9843,-79.9844,-79.9844,-79.9844,-79.9845,-79.9846,-79.9848,-79.9851
1.12,25.6737,22.9,23.04,15.8924,-31.2092,-59.9822,-71.9621,-76.7936,-78.7222,-79.4876,-79.7899,-79.9087,-79.9551,-79.9731,-79.9801,-79.9827,-79.9837,-79.9841,-79.9842,-79.9843,-79.9843,-79.9843,-79.9843,-79.9843,-79.9843,-79.9843,-79.9843,-79.9843,-79.9843,-79.9843,-79.9844,-79.9844,-79.9845,-79.9846,-79.9848,-79.9851
1.125,24.7557,22.2192,22.9769,17.5902,-23.3549,-56.62,-70.5815,-76.2315,-78.4949,-79.3961,-79.7532,-79.894,-79.9493,-79.9708,-79.9791,-79.9823,-79.9836,-79.984,-79.9842,-79.9842,-79.9843,-79.9843,-79.9843,-79.9843,-79.9843,-79.9843,-79.9843,-79.9843,-79.9843,-79.9843,-79.9844,-79.9844,-79.9845,-79.9846,-79.9848,-79.9851
1.13,23.7753,21.43,22.662,18.8777,-13.2171,-52.4262,-68.9205,-75.5676,-78.2283,-79.2891,-79.7103,-79.8769,-79.9424,-79.9681,-79.978,-79.9819,-79.9834,-79.9839,-79.9841,-79.9842,-79.9842,-79.9843,-79.9843,-79.9843,-79.9843,-79.9843,-79.9843,-79.9843,-79.9843,-79.9843,-79.9843,-79.9844,-79.9844,-79.9846,-79.9847,-79.985
1.135,22.7402,20.5673,22.2551,20.2592,-1.64851,-47.2862,-66.8997,-74.772,-77.9124,-79.163,-79.6599,-79.8567,-79.9343,-79.9648,-79.9768,-79.9814,-79.9832,-79.9838,-79.9841,-79.9842,-79.9842,-79.9842,-79.9842,-79.9842,-79.9842,-79.9843,-79.9843,-79.9843,-79.9843,-79.9843,-79.9843,-79.9844,-79.9844,-79.9845,-79.9847,-79.985
1.14,21.6599,19.6541,21.7972,21.5393,8.06093,-41.5731,-64.5383,-73.8294,-77.538,-79.014,-79.6004,-79.833,-79.9249,-79.9611,-79.9752,-79.9808,-79.9829,-79.9837,-79.984,-79.9842,-79.9842,-79.9842,-79.9842,-79.9842,-79.9842,-79.9842,-79.9842,-79.9842,-79.9843,-79.9843,-79.9843,-79.9843,-79.9844,-79.9845,-79.9847,-79.985
1.145,20.5401,18.6946,21.2452,22.3206,13.7219,-35.5851,-61.8984,-72.7424,-77.0999,-78.8388,-79.5305,-79.805,-79.9137,-79.9566,-79.9735,-79.98,-79.9826,-79.9836,-79.984,-79.9841,-79.9842,-79.9842,-79.9842,-79.9842,-79.9842,-79.9842,-79.9842,-79.9842,-79.9842,-79.9843,-79.9843,-79.9843,-79.9844,-79.9845,-79.9847,-79.985
1.15,19.3827,17.6842,20.5613,22.5228,16.4013,-28.8221,-58.9089,-71.4983,-76.5927,-78.6342,-79.4485,-79.7722,-79.9006,-79.9514,-79.9714,-79.9792,-79.9823,-79.9835,-79.9839,-79.9841,-79.9842,-79.9842,-79.9842,-79.9842,-79.9842,-79.9842,-79.9842,-79.9842,-79.9842,-79.9842,-79.9843,-79.9843,-79.9844,-79.9845,-79.9847,-79.985
1.155,18.1879,16.6209,19.7496,22.3227,17.8661,-20.2615,-55.3051,-70.037,-76.0012,-78.3955,-79.3525,-79.7338,-79.8852,-79.9452,-79.9689,-79.9782,-79.9819,-79.9833,-79.9838,-79.984,-79.9841,-79.9842,-79.9842,-79.9842,-79.9842,-79.9842,-79.9842,-79.9842,-79.9842,-79.9842,-79.9842,-79.9843,-79.9844,-79.9845,-79.9847,-79.985
1.16,16.957,15.5087,18.8419,21.9312,19.1642,-9.43451,-50.7884,-68.2628,-75.2975,-78.1143,-79.2399,-79.6886,-79.8671,-79.938,-79.966,-79.9771,-79.9814,-79.9831,-79.9837,-79.984,-79.9841,-79.9841,-79.9841,-79.9842,-79.9842,-79.9842,-79.9842,-79.9842,-79.9842,-79.9842,-79.9842,-79.9843,-79.9843,-79.9845,-79.9846,-79.9849
1.165,15.6928,14.3554,17.8715,21.4721,20.5495,1.91478,-45.4022,-66.1226,-74.4543,-77.7803,-79.1068,-79.6355,-79.8459,-79.9295,-79.9626,-79.9757,-79.9808,-79.9829,-79.9836,-79.9839,-79.9841,-79.9841,-79.9841,-79.9841,-79.9841,-79.9841,-79.9841,-79.9842,-79.9842,-79.9842,-79.9842,-79.9843,-79.9843,-79.9844,-79.9846,-79.9849
1.17,14.399,13.1681,16.8553,20.9505,21.6857,10.3237,-39.5984,-63.6657,-73.4639,-77.3856,-78.9497,-79.5729,-79.8209,-79.9195,-79.9586,-79.9741,-79.9802,-79.9826,-79.9835,-79.9839,-79.984,-79.9841,-79.9841,-79.9841,-79.9841,-79.9841,-79.9841,-79.9841,-79.9841,-79.9842,-79.9842,-79.9842,-79.9843,-79.9844,-79.9846,-79.9849
1.175,13.0789,11.951,15.7932,20.3171,22.2539,14.7826,-33.4444,-60.9271,-72.3284,-76.9259,-78.7654,-79.4992,-79.7915,-79.9077,-79.9539,-79.9722,-79.9794,-79.9823,-79.9834,-79.9838,-79.984,-79.9841,-79.9841,-79.9841,-79.9841,-79.9841,-79.9841,-79.9841,-79.9841,-79.9841,-79.9842,-79.9842,-79.9843,-79.9844,-79.9846,-79.9849
1.18,11.7353,10.7061,14.6813,19.5477,22.2851,16.8925,-26.1915,-57.7677,-71.0211,-76.3931,-78.5503,-79.4129,-79.7569,-79.8939,-79.9484,-79.97,-79.9785,-79.9819,-79.9832,-79.9838,-79.984,-79.984,-79.9841,-79.9841,-79.9841,-79.9841,-79.9841,-79.9841,-79.9841,-79.9841,-79.9842,-79.9842,-79.9843,-79.9844,-79.9846,-79.9849
1.185,10.3705,9.43486,13.5199,18.6587,21.9876,18.2269,-16.85,-53.8823,-69.4658,-75.7678,-78.2987,-79.3118,-79.7164,-79.8777,-79.9419,-79.9674,-79.9775,-79.9815,-79.9831,-79.9837,-79.9839,-79.984,-79.984,-79.9841,-79.9841,-79.9841,-79.9841,-79.9841,-79.9841,-79.9841,-79.9841,-79.9842,-79.9843,-79.9844,-79.9846,-79.9849
1.19,8.98668,8.13967,12.3153,17.6854,21.5518,19.5615,-5.516,-49.0415,-67.5696,-75.0199,-78.0011,-79.1929,-79.6688,-79.8586,-79.9343,-79.9643,-79.9762,-79.981,-79.9828,-79.9836,-79.9839,-79.984,-79.984,-79.984,-79.984,-79.9841,-79.9841,-79.9841,-79.9841,-79.9841,-79.9841,-79.9842,-79.9842,-79.9844,-79.9845,-79.9848
1.195,7.5863,6.82382,11.0761,16.6572,21.0606,20.9102,5.18226,-43.4641,-65.3144,-74.1272,-77.6476,-79.0523,-79.6127,-79.8362,-79.9253,-79.9607,-79.9748,-79.9804,-79.9826,-79.9835,-79.9838,-79.9839,-79.984,-79.984,-79.984,-79.984,-79.984,-79.984,-79.9841,-79.9841,-79.9841,-79.9841,-79.9842,-79.9843,-79.9845,-79.9848
1.2,6.17214,5.49083,9.80892,15.5845,20.4905,21.8687,12.1786,-37.5778,-62.7655,-73.0887,-77.2316,-78.8864,-79.5466,-79.8098,-79.9147,-79.9565,-79.9731,-79.9797,-79.9823,-79.9833,-79.9837,-79.9839,-79.984,-79.984,-79.984,-79.984,-79.984,-79.984,-79.984,-79.9841,-79.9841,-79.9841,-79.9842,-79.9843,-79.9845,-79.9848
1.205,4.74699,4.14378,8.51719,14.4649,19.7949,22.2338,15.6317,-31.1661,-59.9108,-71.9008,-76.7488,-78.6923,-79.4689,-79.7788,-79.9023,-79.9515,-79.9711,-79.9789,-79.982,-79.9832,-79.9837,-79.9839,-79.9839,-79.984,-79.984,-79.984,-79.984,-79.984,-79.984,-79.984,-79.9841,-79.9841,-79.9842,-79.9843,-79.9845,-79.9848
1.21,3.31353,2.78524,7.20285,13.2955,18.9645,22.1243,17.3442,-23.2989,-56.5437,-70.5206,-76.1878,-78.4659,-79.3779,-79.7424,-79.8878,-79.9457,-79.9688,-79.978,-79.9816,-79.983,-79.9836,-79.9838,-79.9839,-79.984,-79.984,-79.984,-79.984,-79.984,-79.984,-79.984,-79.9841,-79.9841,-79.9842,-79.9843,-79.9845,-79.9848
1.215,1.87425,1.41754,5.86794,12.0792,18.0253,21.7578,18.6322,-13.1666,-52.3451,-68.8588,-75.5247,-78.2,-79.2713,-79.6996,-79.8706,-79.9389,-79.966,-79.9768,-79.9811,-79.9828,-79.9835,-79.9838,-79.9839,-79.9839,-79.984,-79.984,-79.984,-79.984,-79.984,-79.984,-79.984,-79.9841,-79.9842,-79.9843,-79.9845,-79.9848
1.22,0.431595,0.0430217,4.51549,10.8238,17.013,21.2944,20.0025,-1.63781,-47.2047,-66.8374,-74.7293,-77.8846,-79.1455,-79.6493,-79.8505,-79.9308,-79.9628,-79.9755,-79.9806,-79.9826,-79.9834,-79.9837,-79.9839,-79.9839,-79.9839,-79.9839,-79.984,-79.984,-79.984,-79.984,-79.984,-79.9841,-79.9841,-79.9843,-79.9844,-79.9847
1.225,-1.01203,-1.33584,3.14918,9.53772,15.9512,20.776,21.263,8.01537,-41.4929,-64.4756,-73.7869,-77.5105,-78.9968,-79.5901,-79.8269,-79.9213,-79.959,-79.974,-79.98,-79.9824,-79.9833,-79.9837,-79.9838,-79.9839,-79.9839,-79.9839,-79.9839,-79.9839,-79.984,-79.984,-79.984,-79.984,-79.9841,-79.9842,-79.9844,-79.9847
1.23,-2.45422,-2.71651,1.77261,8.22676,14.8449,20.1605,22.0219,13.6411,-35.4979,-61.8336,-72.6996,-77.0726,-78.8218,-79.5202,-79.799,-79.9102,-79.9546,-79.9722,-79.9793,-79.9821,-79.9832,-79.9836,-79.9838,-79.9839,-79.9839,-79.9839,-79.9839,-79.9839,-79.9839,-79.984,-79.984,-79.984,-79.9841,-79.9842,-79.9844,-79.9847
1.235,-3.89262,-4.09655,0.388798,6.89388,13.6903,19.411,22.2016,16.3084,-28.7143,-58.8378,-71.4541,-76.5652,-78.6173,-79.4383,-79.7662,-79.8971,-79.9493,-79.9701,-79.9784,-79.9817,-79.983,-79.9836,-79.9838,-79.9838,-79.9839,-79.9839,-79.9839,-79.9839,-79.9839,-79.9839,-79.984,-79.984,-79.9841,-79.9842,-79.9844,-79.9847
1.24,-5.32495,-5.47371,-0.999732,5.54106,12.4863,18.5324,21.9794,17.7717,-20.1255,-55.2229,-69.9899,-75.9731,-78.3786,-79.3423,-79.7278,-79.8817,-79.9431,-79.9677,-79.9774,-79.9813,-79.9829,-79.9835,-79.9837,-79.9838,-79.9839,-79.9839,-79.9839,-79.9839,-79.9839,-79.9839,-79.9839,-79.984,-79.9841,-79.9842,-79.9844,-79.9847
1.245,-6.74907,-6.84586,-2.39064,4.17081,11.2381,17.557,21.5653,19.0699,-9.28657,-50.694,-68.2114,-75.2682,-78.0971,-79.2297,-79.6826,-79.8636,-79.9359,-79.9648,-79.9762,-79.9808,-79.9827,-79.9834,-79.9837,-79.9838,-79.9838,-79.9839,-79.9839,-79.9839,-79.9839,-79.9839,-79.9839,-79.984,-79.9841,-79.9842,-79.9844,-79.9847
1.25,-8.16296,-8.21099,-3.78154,2.78661,9.9542,16.5185,21.0821,20.4493,2.02377,-45.3014,-66.0671,-74.4235,-77.7627,-79.0966,-79.6295,-79.8424,-79.9274,-79.9613,-79.9749,-79.9803,-79.9824,-79.9833,-79.9836,-79.9838,-79.9838,-79.9838,-79.9838,-79.9839,-79.9839,-79.9839,-79.9839,-79.984,-79.984,-79.9842,-79.9843,-79.9846
1.255,-9.56469,-9.56718,-5.16996,1.39233,8.64254,15.434,20.534,21.5718,10.3619,-39.4953,-63.6069,-73.4316,-77.3674,-78.9393,-79.5668,-79.8174,-79.9174,-79.9573,-79.9733,-79.9796,-79.9822,-79.9832,-79.9836,-79.9837,-79.9838,-79.9838,-79.9838,-79.9838,-79.9839,-79.9839,-79.9839,-79.9839,-79.984,-79.9841,-79.9843,-79.9846
1.26,-10.9525,-10.9125,-6.5535,-0.00851232,7.30794,14.3038,19.8723,22.1242,14.7719,-33.3297,-60.8635,-72.2942,-76.907,-78.7547,-79.4931,-79.7879,-79.9056,-79.9526,-79.9714,-79.9789,-79.9818,-79.983,-79.9835,-79.9837,-79.9838,-79.9838,-79.9838,-79.9838,-79.9838,-79.9839,-79.9839,-79.9839,-79.984,-79.9841,-79.9843,-79.9846
1.265,-12.3246,-12.2454,-7.92991,-1.41301,5.95288,13.1244,19.0734,22.1415,16.8629,-26.0481,-57.6944,-70.9839,-76.3733,-78.5393,-79.4066,-79.7533,-79.8918,-79.9471,-79.9692,-79.978,-79.9815,-79.9829,-79.9834,-79.9837,-79.9837,-79.9838,-79.9838,-79.9838,-79.9838,-79.9838,-79.9839,-79.9839,-79.984,-79.9841,-79.9843,-79.9846
1.27,-13.6795,-13.564,-9.29717,-2.81869,4.57949,11.8968,18.1546,21.8326,18.1948,-16.6693,-53.794,-69.4237,-75.7464,-78.2872,-79.3054,-79.7127,-79.8755,-79.9406,-79.9665,-79.9769,-79.981,-79.9827,-79.9833,-79.9836,-79.9837,-79.9838,-79.9838,-79.9838,-79.9838,-79.9838,-79.9838,-79.9839,-79.984,-79.9841,-79.9843,-79.9846
1.275,-15.0158,-14.867,-10.6534,-4.22319,3.19072,10.6278,17.1514,21.3866,19.5306,-5.32586,-48.9383,-67.5215,-74.9964,-77.9889,-79.1862,-79.6651,-79.8565,-79.9329,-79.9635,-79.9757,-79.9805,-79.9825,-79.9833,-79.9836,-79.9837,-79.9837,-79.9838,-79.9838,-79.9838,-79.9838,-79.9838,-79.9839,-79.984,-79.9841,-79.9843,-79.9846
1.28,-16.3322,-16.153,-11.9969,-5.6241,1.79033,9.32623,16.0931,20.8845,20.8736,5.31749,-43.3542,-65.2612,-74.1014,-77.6345,-79.0453,-79.6089,-79.834,-79.924,-79.9599,-79.9742,-79.9799,-79.9822,-79.9831,-79.9835,-79.9837,-79.9837,-79.9837,-79.9838,-79.9838,-79.9838,-79.9838,-79.9839,-79.9839,-79.9841,-79.9843,-79.9846
1.285,-17.6276,-17.4208,-13.3261,-7.01898,0.382214,7.99915,14.9901,20.3019,21.8194,12.2368,-37.4636,-62.7079,-73.0607,-77.2176,-78.8791,-79.5426,-79.8076,-79.9134,-79.9557,-79.9725,-79.9793,-79.9819,-79.983,-79.9834,-79.9836,-79.9837,-79.9837,-79.9837,-79.9837,-79.9838,-79.9838,-79.9838,-79.9839,-79.984,-79.9842,-79.9845
1.29,-18.901,-18.6693,-14.6394,-8.40553,-1.03028,6.65041,13.8401,19.5926,22.1718,15.644,-31.0342,-59.8463,-71.87,-76.7336,-78.6845,-79.4647,-79.7765,-79.901,-79.9507,-79.9705,-79.9784,-79.9816,-79.9829,-79.9834,-79.9836,-79.9837,-79.9837,-79.9837,-79.9837,-79.9838,-79.9838,-79.9838,-79.9839,-79.984,-79.9842,-79.9845
1.295,-20.1514,-19.8975,-15.9354,-9.78165,-2.4444,5.28223,12.6405,18.7483,22.0528,17.3413,-23.1302,-56.4666,-70.4857,-76.1712,-78.4576,-79.3736,-79.7399,-79.8863,-79.9448,-79.9682,-79.9775,-79.9812,-79.9827,-79.9833,-79.9835,-79.9836,-79.9837,-79.9837,-79.9837,-79.9837,-79.9838,-79.9838,-79.9839,-79.984,-79.9842,-79.9845
1.3,-21.3782,-21.1047,-17.213,-11.1455,-3.85773,3.89698,11.3945,17.7954,21.68,18.629,-12.9588,-52.2505,-68.8179,-75.506,-78.191,-79.2667,-79.6971,-79.8692,-79.938,-79.9654,-79.9764,-79.9808,-79.9825,-79.9832,-79.9835,-79.9836,-79.9837,-79.9837,-79.9837,-79.9837,-79.9837,-79.9838,-79.9839,-79.984,-79.9842,-79.9845
1.305,-22.5808,-22.29,-18.471,-12.4954,-5.26789,2.49797,10.1102,16.7696,21.2118,20.0002,-1.43637,-47.0956,-66.7899,-74.7081,-77.8746,-79.1406,-79.6467,-79.849,-79.9299,-79.9622,-79.9751,-79.9802,-79.9823,-79.9831,-79.9835,-79.9836,-79.9836,-79.9837,-79.9837,-79.9837,-79.9837,-79.9838,-79.9839,-79.984,-79.9842,-79.9845
1.31,-23.7585,-23.4528,-19.7086,-13.8297,-6.67245,1.08912,8.79613,15.6944,20.6877,21.2532,8.14499,-41.3786,-64.4227,-73.7631,-77.4994,-78.9914,-79.5873,-79.8253,-79.9204,-79.9584,-79.9736,-79.9796,-79.982,-79.983,-79.9834,-79.9836,-79.9836,-79.9836,-79.9837,-79.9837,-79.9837,-79.9838,-79.9838,-79.984,-79.9842,-79.9845
1.315,-24.9112,-24.5928,-20.9248,-15.1471,-8.06902,-0.325791,7.45826,14.5745,20.0653,21.9995,13.6973,-35.3761,-61.7755,-72.6732,-77.0604,-78.8159,-79.5172,-79.7973,-79.9092,-79.9539,-79.9718,-79.9789,-79.9817,-79.9829,-79.9833,-79.9835,-79.9836,-79.9836,-79.9837,-79.9837,-79.9837,-79.9837,-79.9838,-79.9839,-79.9841,-79.9845
1.32,-26.0383,-25.7094,-22.1191,-16.4461,-9.45541,-1.74362,6.09971,13.4062,19.3084,22.1684,16.3277,-28.5676,-58.7708,-71.4244,-76.5517,-78.6109,-79.4351,-79.7645,-79.8961,-79.9487,-79.9697,-79.978,-79.9814,-79.9827,-79.9833,-79.9835,-79.9836,-79.9836,-79.9836,-79.9837,-79.9837,-79.9837,-79.9838,-79.9839,-79.9841,-79.9844
1.325,-27.1398,-26.8024,-23.2908,-17.7258,-10.8296,-3.16174,4.72256,12.1887,18.4226,21.9395,17.7814,-19.9358,-55.1408,-69.9551,-75.9577,-78.3715,-79.3389,-79.7259,-79.8807,-79.9425,-79.9672,-79.977,-79.981,-79.9826,-79.9832,-79.9834,-79.9835,-79.9836,-79.9836,-79.9836,-79.9837,-79.9837,-79.9838,-79.9839,-79.9841,-79.9844
1.33,-28.2156,-27.8716,-24.4395,-18.985,-12.19,-4.57779,3.32952,10.9272,17.4406,21.5219,19.0814,-9.06393,-50.5933,-68.1698,-75.2504,-78.0892,-79.2259,-79.6807,-79.8625,-79.9352,-79.9643,-79.9759,-79.9805,-79.9824,-79.9831,-79.9834,-79.9835,-79.9836,-79.9836,-79.9836,-79.9837,-79.9837,-79.9838,-79.9839,-79.9841,-79.9844
1.335,-29.2656,-28.9169,-25.5648,-20.2229,-13.5348,-5.98936,1.92419,9.63051,16.3958,21.036,20.4597,2.21697,-45.1887,-66.0189,-74.403,-77.7536,-79.0924,-79.6274,-79.8412,-79.9267,-79.9608,-79.9745,-79.9799,-79.9821,-79.983,-79.9833,-79.9835,-79.9835,-79.9836,-79.9836,-79.9836,-79.9837,-79.9838,-79.9839,-79.9841,-79.9844
1.34,-30.2899,-29.9381,-26.6665,-21.4388,-14.8628,-7.39403,0.510542,8.30648,15.3049,20.4843,21.5726,10.4733,-39.3783,-63.5535,-73.4084,-77.3572,-78.9346,-79.5645,-79.8161,-79.9167,-79.9568,-79.9729,-79.9793,-79.9818,-79.9829,-79.9833,-79.9835,-79.9835,-79.9836,-79.9836,-79.9836,-79.9837,-79.9837,-79.9839,-79.9841,-79.9844
1.345,-31.2886,-30.9354,-27.7444,-22.632,-16.1725,-8.78949,-0.907844,6.95999,14.1684,19.818,22.1127,14.8198,-33.2003,-60.8039,-72.2681,-76.8955,-78.7495,-79.4905,-79.7866,-79.9049,-79.9521,-79.971,-79.9785,-79.9815,-79.9827,-79.9832,-79.9834,-79.9835,-79.9835,-79.9836,-79.9836,-79.9837,-79.9837,-79.9839,-79.9841,-79.9844
1.35,-32.2618,-31.9087,-28.7983,-23.8022,-17.4627,-10.1736,-2.32802,5.59358,12.9825,19.0144,22.1211,16.8839,-25.8861,-57.6238,-70.9538,-76.3602,-78.5335,-79.4039,-79.7519,-79.891,-79.9465,-79.9688,-79.9776,-79.9812,-79.9826,-79.9831,-79.9834,-79.9835,-79.9835,-79.9836,-79.9836,-79.9836,-79.9837,-79.9838,-79.984,-79.9843
1.355,-33.2097,-32.8583,-29.8283,-24.9488,-18.7324,-11.5446,-3.74748,4.20945,11.7486,18.0914,21.8074,18.2115,-16.4616,-53.7059,-69.3878,-75.7313,-78.2806,-79.3023,-79.7112,-79.8747,-79.94,-79.9661,-79.9766,-79.9807,-79.9824,-79.9831,-79.9833,-79.9834,-79.9835,-79.9835,-79.9836,-79.9836,-79.9837,-79.9838,-79.984,-79.9843
1.36,-34.1327,-33.7842,-30.8344,-26.0717,-19.9808,-12.9007,-5.16386,2.81062,10.4734,17.0847,21.3592,19.5497,-5.09965,-48.8322,-67.4785,-74.9786,-77.9813,-79.1828,-79.6634,-79.8555,-79.9324,-79.9631,-79.9753,-79.9802,-79.9822,-79.983,-79.9833,-79.9834,-79.9835,-79.9835,-79.9836,-79.9836,-79.9837,-79.9838,-79.984,-79.9843
1.365,-35.031,-34.6868,-31.8167,-27.1706,-21.2071,-14.2404,-6.57476,1.40093,9.16606,16.0231,20.8553,20.8887,5.49024,-43.2394,-65.2118,-74.0808,-77.6257,-79.0414,-79.607,-79.833,-79.9234,-79.9594,-79.9739,-79.9796,-79.9819,-79.9829,-79.9832,-79.9834,-79.9835,-79.9835,-79.9835,-79.9836,-79.9837,-79.9838,-79.984,-79.9843
1.37,-35.9049,-35.5662,-32.7753,-28.2455,-22.4107,-15.5624,-7.97776,-0.0157327,7.8334,14.9169,20.2697,21.8233,12.3271,-37.3436,-62.6533,-73.0373,-77.2076,-78.8747,-79.5405,-79.8065,-79.9128,-79.9552,-79.9722,-79.979,-79.9817,-79.9827,-79.9832,-79.9834,-79.9834,-79.9835,-79.9835,-79.9836,-79.9837,-79.9838,-79.984,-79.9843
1.375,-36.7549,-36.4227,-33.7105,-29.2962,-23.5911,-16.8654,-9.37063,-1.43598,6.47932,13.7635,19.5569,22.1643,15.6833,-30.8956,-59.7843,-71.8435,-76.7223,-78.6796,-79.4624,-79.7753,-79.9003,-79.9502,-79.9702,-79.9781,-79.9813,-79.9826,-79.9831,-79.9833,-79.9834,-79.9835,-79.9835,-79.9836,-79.9836,-79.9838,-79.984,-79.9843
1.38,-37.5812,-37.2567,-34.6224,-30.3229,-24.748,-18.1484,-10.7513,-2.85706,5.10605,12.5605,18.7092,22.038,17.3628,-22.9522,-56.3911,-70.4545,-76.1581,-78.4519,-79.371,-79.7387,-79.8856,-79.9444,-79.9678,-79.9772,-79.9809,-79.9824,-79.983,-79.9833,-79.9834,-79.9834,-79.9835,-79.9835,-79.9836,-79.9837,-79.9839,-79.9843
1.385,-38.3844,-38.0685,-35.5113,-31.3255,-25.881,-19.4102,-12.1181,-4.27654,3.71599,11.3113,17.7534,21.6619,18.6502,-12.7372,-52.1561,-68.7802,-75.4906,-78.1844,-79.2637,-79.6957,-79.8684,-79.9375,-79.965,-79.9761,-79.9805,-79.9822,-79.9829,-79.9832,-79.9834,-79.9834,-79.9835,-79.9835,-79.9836,-79.9837,-79.9839,-79.9842
1.39,-39.1649,-38.8585,-36.3775,-32.3044,-26.9899,-20.6503,-13.4694,-5.69206,2.3125,10.024,16.7255,21.1923,20.0227,-1.21784,-46.9854,-66.745,-74.6899,-77.867,-79.1372,-79.6451,-79.8482,-79.9294,-79.9618,-79.9748,-79.9799,-79.982,-79.9828,-79.9832,-79.9833,-79.9834,-79.9835,-79.9835,-79.9836,-79.9837,-79.9839,-79.9842
1.395,-39.9231,-39.627,-37.2214,-33.2596,-28.0747,-21.8679,-14.8037,-7.10119,0.89953,8.70714,15.6484,20.6664,21.2687,8.2912,-41.2624,-64.372,-73.742,-77.4906,-78.9876,-79.5855,-79.8244,-79.9198,-79.958,-79.9732,-79.9793,-79.9818,-79.9827,-79.9831,-79.9833,-79.9834,-79.9834,-79.9835,-79.9836,-79.9837,-79.9839,-79.9842
1.4,-40.6595,-40.3744,-38.0432,-34.1913,-29.1353,-23.0624,-16.1197,-8.50158,-0.519153,7.36662,14.5266,20.0412,22.003,13.768,-35.2519,-61.7192,-72.6493,-77.0503,-78.8116,-79.5153,-79.7963,-79.9086,-79.9535,-79.9714,-79.9786,-79.9815,-79.9826,-79.9831,-79.9833,-79.9834,-79.9834,-79.9835,-79.9836,-79.9837,-79.9839,-79.9842
1.405,-41.3747,-41.1012,-38.8433,-35.0999,-30.1717,-24.2335,-17.4162,-9.89104,-1.9404,6.00552,13.3562,19.2812,22.1618,16.36,-28.4175,-58.7053,-71.3969,-76.5401,-78.606,-79.4328,-79.7634,-79.8955,-79.9482,-79.9693,-79.9777,-79.9811,-79.9825,-79.983,-79.9832,-79.9833,-79.9834,-79.9835,-79.9836,-79.9837,-79.9839,-79.9842
1.41,-42.0691,-41.8078,-39.6221,-35.9856,-31.1841,-25.3808,-18.6921,-11.2677,-3.3616,4.62597,12.1367,18.3927,21.9272,17.8036,-19.7412,-55.0595,-69.9223,-75.9442,-78.3658,-79.3363,-79.7247,-79.88,-79.942,-79.9668,-79.9767,-79.9807,-79.9823,-79.9829,-79.9832,-79.9833,-79.9834,-79.9834,-79.9835,-79.9837,-79.9839,-79.9842
1.415,-42.7432,-42.4946,-40.38,-36.8487,-32.1725,-26.5041,-19.9467,-12.6297,-4.78038,3.23069,10.8734,17.4086,21.5073,19.1055,-8.83438,-50.4928,-68.13,-75.2344,-78.0825,-79.223,-79.6793,-79.8618,-79.9348,-79.9639,-79.9756,-79.9802,-79.9821,-79.9828,-79.9831,-79.9833,-79.9834,-79.9834,-79.9835,-79.9836,-79.9838,-79.9842
1.42,-43.3976,-43.1621,-41.1174,-37.6896,-33.1372,-27.6032,-21.1791,-13.9757,-6.19434,1.82329,9.57503,16.3624,21.0203,20.4828,2.41763,-45.0758,-65.9721,-74.384,-77.7459,-79.089,-79.6258,-79.8404,-79.9262,-79.9605,-79.9742,-79.9797,-79.9818,-79.9827,-79.9831,-79.9833,-79.9833,-79.9834,-79.9835,-79.9836,-79.9838,-79.9841
1.425,-44.0329,-43.8108,-41.8347,-38.5087,-34.0785,-28.6782,-22.3888,-15.3042,-7.60107,0.407761,8.24951,15.2702,20.4666,21.5861,10.5919,-39.2606,-63.5013,-73.3866,-77.3482,-78.9308,-79.5628,-79.8153,-79.9161,-79.9565,-79.9726,-79.979,-79.9816,-79.9826,-79.983,-79.9832,-79.9833,-79.9834,-79.9835,-79.9836,-79.9838,-79.9841
1.43,-44.6496,-44.4411,-42.5324,-39.3062,-34.9964,-29.7289,-23.5753,-16.614,-8.99827,-1.01233,6.90161,14.1322,19.7975,22.1143,14.8744,-33.0698,-60.7453,-72.2433,-76.8851,-78.7451,-79.4886,-79.7856,-79.9043,-79.9517,-79.9707,-79.9782,-79.9813,-79.9825,-79.983,-79.9832,-79.9833,-79.9834,-79.9835,-79.9836,-79.9838,-79.9841
1.435,-45.2482,-45.0535,-43.2108,-40.0827,-35.8915,-30.7556,-24.7381,-17.9038,-10.3838,-2.43403,5.53387,12.9449,18.9911,22.1141,16.9116,-25.7224,-57.5539,-70.925,-76.3483,-78.5284,-79.4016,-79.7508,-79.8904,-79.9461,-79.9684,-79.9773,-79.9809,-79.9823,-79.9829,-79.9832,-79.9833,-79.9834,-79.9835,-79.9836,-79.9838,-79.9841
1.44,-45.8293,-45.6485,-43.8705,-40.8384,-36.7639,-31.7582,-25.8771,-19.1728,-11.7559,-3.85486,4.1485,11.7096,18.0659,21.7961,18.2348,-16.2514,-53.6184,-69.353,-75.7172,-78.2747,-79.2998,-79.71,-79.874,-79.9396,-79.9658,-79.9763,-79.9805,-79.9821,-79.9828,-79.9831,-79.9832,-79.9833,-79.9834,-79.9836,-79.9838,-79.9841
1.445,-46.3934,-46.2267,-44.5119,-41.5739,-37.614,-32.737,-26.992,-20.4201,-13.1129,-5.27245,2.74854,10.4332,17.0576,21.3464,19.5754,-4.87052,-48.7265,-67.4364,-74.9618,-77.9744,-79.1798,-79.662,-79.8548,-79.9319,-79.9627,-79.975,-79.98,-79.9819,-79.9827,-79.9831,-79.9832,-79.9833,-79.9834,-79.9836,-79.9838,-79.9841
1.45,-46.9412,-46.7884,-45.1354,-42.2895,-38.4422,-33.6922,-28.0827,-21.645,-14.4534,-6.68439,1.33783,9.12483,15.9949,20.8413,20.9104,5.6656,-43.1248,-65.1633,-74.0611,-77.6177,-79.038,-79.6055,-79.8322,-79.9229,-79.9591,-79.9736,-79.9794,-79.9817,-79.9826,-79.983,-79.9832,-79.9833,-79.9834,-79.9835,-79.9837,-79.9841
1.455,-47.4732,-47.3342,-45.7415,-42.9856,-39.2488,-34.6241,-29.1492,-22.847,-15.7758,-8.08829,-0.0797185,7.79126,14.8875,20.2535,21.8337,12.4201,-37.2235,-62.5994,-73.0147,-77.1983,-78.8708,-79.5388,-79.8056,-79.9122,-79.9548,-79.9719,-79.9787,-79.9814,-79.9825,-79.983,-79.9832,-79.9833,-79.9834,-79.9835,-79.9837,-79.984
1.46,-47.9898,-47.8646,-46.3307,-43.6628,-40.0343,-35.5328,-30.1916,-24.0256,-17.0791,-9.4819,-1.50076,6.43633,13.733,19.5378,22.1636,15.7258,-30.7564,-59.7228,-71.8177,-76.7115,-78.675,-79.4604,-79.7743,-79.8997,-79.9498,-79.9699,-79.9779,-79.9811,-79.9824,-79.9829,-79.9831,-79.9833,-79.9834,-79.9835,-79.9837,-79.984
1.465,-48.4918,-48.38,-46.9035,-44.3214,-40.7989,-36.4188,-31.2098,-25.1805,-18.3621,-10.8632,-2.92253,5.06226,12.5288,18.6875,22.0302,17.3879,-22.7731,-56.3161,-70.4241,-76.1456,-78.4467,-79.3687,-79.7376,-79.885,-79.944,-79.9675,-79.9769,-79.9807,-79.9822,-79.9828,-79.9831,-79.9832,-79.9833,-79.9835,-79.9837,-79.984
1.47,-48.9795,-48.8811,-47.4603,-44.9619,-41.5433,-37.2824,-32.2042,-26.3115,-19.624,-12.2305,-4.34261,3.67148,11.2785,17.7299,21.6511,18.6749,-12.5144,-52.0621,-68.7432,-75.4758,-78.1783,-79.2611,-79.6945,-79.8678,-79.937,-79.9647,-79.9758,-79.9802,-79.982,-79.9827,-79.983,-79.9832,-79.9833,-79.9835,-79.9837,-79.984
1.475,-49.4536,-49.3681,-48.0015,-45.5847,-42.2676,-38.1239,-33.1749,-27.4183,-20.8639,-13.5822,-5.75864,2.26737,9.99032,16.7008,21.1804,20.0486,-0.998788,-46.8756,-66.7007,-74.6722,-77.8598,-79.1342,-79.6437,-79.8475,-79.9289,-79.9615,-79.9745,-79.9797,-79.9818,-79.9826,-79.983,-79.9832,-79.9833,-79.9835,-79.9837,-79.984
1.48,-49.9145,-49.8417,-48.5277,-46.1903,-42.9725,-38.9437,-34.122,-28.5009,-22.0812,-14.9167,-7.16819,0.853862,8.67272,15.6227,20.653,21.2876,8.43766,-41.1466,-64.3219,-73.7214,-77.4822,-78.9841,-79.5839,-79.8236,-79.9194,-79.9576,-79.9729,-79.9791,-79.9815,-79.9825,-79.9829,-79.9831,-79.9833,-79.9834,-79.9837,-79.984
1.485,-50.3628,-50.3023,-49.0393,-46.7792,-43.6583,-39.7421,-35.046,-29.5594,-23.2755,-16.2329,-8.56891,-0.565268,7.33155,14.4998,20.0253,22.0099,13.8396,-35.1278,-61.6634,-72.6258,-77.0406,-78.8075,-79.5135,-79.7955,-79.9081,-79.9531,-79.9711,-79.9783,-79.9812,-79.9824,-79.9829,-79.9831,-79.9833,-79.9834,-79.9836,-79.984
1.49,-50.7989,-50.7503,-49.5368,-47.3519,-44.3254,-40.5196,-35.947,-30.5937,-24.4462,-17.5296,-9.95864,-1.98689,5.96986,13.3284,19.2625,22.1588,16.3939,-28.2672,-58.6402,-71.3698,-76.5289,-78.6012,-79.4308,-79.7624,-79.8949,-79.9479,-79.969,-79.9775,-79.9809,-79.9822,-79.9828,-79.9831,-79.9832,-79.9834,-79.9836,-79.9839
1.495,-51.2233,-51.1862,-50.0206,-47.9086,-44.9743,-41.2765,-36.8254,-31.6041,-25.5932,-18.8056,-11.3355,-3.4084,4.58977,12.1078,18.3717,21.9186,17.8277,-19.5459,-54.9786,-69.8899,-75.9311,-78.3603,-79.334,-79.7236,-79.8794,-79.9416,-79.9665,-79.9765,-79.9805,-79.9821,-79.9827,-79.983,-79.9832,-79.9834,-79.9836,-79.9839
1.5,-51.6364,-51.6104,-50.4911,-48.45,-45.6055,-42.0133,-37.6815,-32.5906,-26.7161,-20.0602,-12.6977,-4.82742,3.194,10.8436,17.3861,21.4967,19.1314,-8.60475,-50.3926,-68.0906,-75.2187,-78.0761,-79.2203,-79.6781,-79.8612,-79.9343,-79.9636,-79.9753,-79.98,-79.9819,-79.9826,-79.983,-79.9832,-79.9834,-79.9836,-79.9839
1.505,-52.0388,-52.0233,-50.9489,-48.9765,-46.2194,-42.7304,-38.5157,-33.5535,-27.8149,-21.2926,-14.0437,-6.24156,1.78622,9.54453,16.3388,21.0086,20.5077,2.61738,-44.9632,-65.9258,-74.3654,-77.7383,-79.0859,-79.6244,-79.8397,-79.9258,-79.9602,-79.9739,-79.9794,-79.9816,-79.9825,-79.9829,-79.9832,-79.9834,-79.9836,-79.9839
1.51,-52.4308,-52.4254,-51.3943,-49.4885,-46.8164,-43.4282,-39.3284,-34.493,-28.8896,-22.5023,-15.3723,-7.64841,0.370385,8.21842,15.2457,20.4531,21.6014,10.7096,-39.1433,-63.4495,-73.3652,-77.3394,-78.9271,-79.5612,-79.8145,-79.9157,-79.9561,-79.9723,-79.9788,-79.9814,-79.9824,-79.9829,-79.9831,-79.9833,-79.9836,-79.9839
1.515,-52.8128,-52.8171,-51.8278,-49.9865,-47.397,-44.1072,-40.1199,-35.4094,-29.94,-23.6887,-16.682,-9.04566,-1.04994,6.87001,14.1067,19.7813,22.1178,14.9292,-32.9395,-60.6871,-72.2189,-76.875,-78.7408,-79.4867,-79.7847,-79.9038,-79.9514,-79.9704,-79.978,-79.981,-79.9823,-79.9828,-79.9831,-79.9833,-79.9835,-79.9839
1.52,-53.1853,-53.1987,-52.2497,-50.4708,-47.9616,-44.7677,-40.8906,-36.303,-30.9664,-24.8516,-17.9718,-10.4312,-2.47181,5.50179,12.9183,18.9723,22.1091,16.94,-25.5585,-57.4843,-70.8965,-76.3365,-78.5235,-79.3995,-79.7498,-79.8898,-79.9458,-79.9681,-79.9771,-79.9807,-79.9821,-79.9828,-79.9831,-79.9833,-79.9835,-79.9839
1.525,-53.5485,-53.5707,-52.6604,-50.942,-48.5107,-45.4103,-41.641,-37.1742,-31.9689,-25.9905,-19.2407,-11.8033,-3.89277,4.116,11.682,18.045,21.787,18.2592,-16.0409,-53.531,-69.3185,-75.7033,-78.269,-79.2973,-79.7089,-79.8734,-79.9392,-79.9655,-79.976,-79.9802,-79.9819,-79.9827,-79.983,-79.9833,-79.9835,-79.9838
1.53,-53.903,-53.9333,-53.0604,-51.4005,-49.0447,-46.0354,-42.3714,-38.0232,-32.9476,-27.1054,-20.4879,-13.1602,-5.31042,2.7157,10.4049,17.0354,21.3358,19.602,-4.64219,-48.621,-67.3946,-74.9452,-77.9677,-79.177,-79.6607,-79.8542,-79.9315,-79.9624,-79.9748,-79.9797,-79.9817,-79.9826,-79.983,-79.9832,-79.9835,-79.9838
1.535,-54.2489,-54.2869,-53.45,-51.8466,-49.5641,-46.6433,-43.0823,-38.8504,-33.9028,-28.1961,-21.7128,-14.5005,-6.72237,1.30473,9.09591,15.9718,20.8295,20.9329,5.83926,-43.0106,-65.1151,-74.0416,-77.6097,-79.0347,-79.604,-79.8315,-79.9224,-79.9588,-79.9733,-79.9791,-79.9815,-79.9825,-79.9829,-79.9832,-79.9835,-79.9838
1.54,-54.5866,-54.6319,-53.8296,-52.2808,-50.0694,-47.2346,-43.7741,-39.6563,-34.8347,-29.2627,-22.9147,-15.8229,-8.12623,-0.113012,7.76184,14.8635,20.2395,21.845,12.5121,-37.1038,-62.5459,-72.9924,-77.1891,-78.8669,-79.5371,-79.8048,-79.9118,-79.9545,-79.9716,-79.9784,-79.9812,-79.9824,-79.9829,-79.9832,-79.9834,-79.9838
1.545,-54.9165,-54.9685,-54.1996,-52.7034,-50.5608,-47.8097,-44.4473,-40.4412,-35.7437,-30.3051,-24.0932,-17.126,-9.51976,-1.53417,6.40646,13.7079,19.5211,22.1638,15.7681,-30.6173,-59.6616,-71.7921,-76.7009,-78.6706,-79.4585,-79.7734,-79.8992,-79.9495,-79.9696,-79.9776,-79.9809,-79.9822,-79.9828,-79.9831,-79.9834,-79.9838
1.55,-55.2389,-55.2971,-54.5602,-53.1149,-51.0389,-48.3691,-45.1022,-41.2054,-36.6299,-31.3236,-25.248,-18.4088,-10.901,-2.95602,5.03198,12.5028,18.6683,22.0235,17.4133,-22.5938,-56.2412,-70.3938,-76.1333,-78.4415,-79.3665,-79.7365,-79.8845,-79.9436,-79.9672,-79.9767,-79.9805,-79.982,-79.9827,-79.9831,-79.9834,-79.9838
1.555,-55.5539,-55.618,-54.9118,-53.5156,-51.5041,-48.9132,-45.7393,-41.9494,-37.4938,-32.3181,-26.3789,-19.6705,-12.2681,-4.37612,3.64086,11.2516,17.709,21.6414,18.7001,-12.2918,-51.9682,-68.7063,-75.461,-78.1723,-79.2586,-79.6933,-79.8671,-79.9367,-79.9644,-79.9756,-79.98,-79.9819,-79.9826,-79.9831,-79.9834,-79.9837
1.56,-55.8619,-55.9314,-55.2547,-53.9058,-51.9567,-49.4423,-46.359,-42.6737,-38.3358,-33.289,-27.4857,-20.9102,-13.6195,-5.79212,2.23647,9.96272,16.6787,21.1697,20.075,-0.781277,-46.7662,-66.6566,-74.6546,-77.8527,-79.1312,-79.6424,-79.8468,-79.9285,-79.9612,-79.9743,-79.9795,-79.9816,-79.9826,-79.983,-79.9833,-79.9837
1.565,-56.1631,-56.2375,-55.5892,-54.286,-52.3972,-49.957,-46.9619,-43.3786,-39.1561,-34.2365,-28.5683,-22.1274,-14.9539,-7.2016,0.822773,8.64458,15.5997,20.6409,21.3068,8.58216,-41.0312,-64.2719,-73.701,-77.4739,-78.9806,-79.5824,-79.8228,-79.9189,-79.9573,-79.9727,-79.9789,-79.9814,-79.9824,-79.983,-79.9833,-79.9837
1.57,-56.4578,-56.5367,-55.9156,-54.6565,-52.826,-50.4577,-47.5483,-44.0646,-39.9551,-35.1608,-29.6268,-23.3214,-16.2699,-8.60219,-0.596477,7.30296,14.4759,20.0107,22.0172,13.9103,-35.004,-61.6078,-72.6025,-77.031,-78.8035,-79.5117,-79.7946,-79.9077,-79.9528,-79.9709,-79.9781,-79.9811,-79.9823,-79.9829,-79.9833,-79.9837
1.575,-56.7461,-56.8292,-56.2341,-55.0175,-53.2434,-50.9448,-48.1186,-44.7321,-40.7333,-36.0622,-30.6612,-24.492,-17.5662,-9.99175,-2.01816,5.94086,13.3035,19.2451,22.1562,16.4277,-28.1168,-58.5752,-71.3429,-76.5178,-78.5966,-79.4288,-79.7615,-79.8944,-79.9475,-79.9688,-79.9773,-79.9807,-79.9822,-79.9828,-79.9832,-79.9836
1.58,-57.0284,-57.1152,-56.5451,-55.3695,-53.6499,-51.4188,-48.6734,-45.3815,-41.491,-36.941,-31.6716,-25.6387,-18.842,-11.3684,-3.43968,4.5604,12.082,18.3521,21.9107,17.852,-19.3506,-54.8977,-69.8577,-75.918,-78.3549,-79.3317,-79.7225,-79.8788,-79.9413,-79.9663,-79.9763,-79.9803,-79.982,-79.9827,-79.9832,-79.9836
1.585,-57.3047,-57.3949,-56.8488,-55.7127,-54.0457,-51.8799,-49.213,-46.0132,-42.2287,-37.7977,-32.6582,-26.7615,-20.0963,-12.7303,-4.85867,3.16434,10.817,17.365,21.4867,19.1577,-8.37587,-50.2926,-68.0512,-75.2031,-78.0698,-79.2176,-79.6768,-79.8605,-79.934,-79.9633,-79.9751,-79.9798,-79.9818,-79.9827,-79.9832,-79.9836
1.59,-57.5753,-57.6685,-57.1454,-56.0473,-54.4312,-52.3287,-49.7379,-46.6278,-42.9468,-38.6325,-33.6213,-27.8601,-21.3284,-14.0761,-6.27272,1.75634,9.51726,16.3167,20.9977,20.5327,2.81507,-44.8511,-65.8796,-74.3469,-77.7308,-79.0827,-79.623,-79.839,-79.9254,-79.9599,-79.9737,-79.9793,-79.9816,-79.9826,-79.9831,-79.9836
1.595,-57.8404,-57.9362,-57.4351,-56.3738,-54.8068,-52.7654,-50.2485,-47.2256,-43.6457,-39.4458,-34.5609,-28.9346,-22.5378,-15.4044,-7.67944,0.340359,8.19066,15.2227,20.4403,21.6167,10.8255,-39.0265,-63.3979,-73.3438,-77.3307,-78.9234,-79.5596,-79.8137,-79.9152,-79.9558,-79.9721,-79.9786,-79.9813,-79.9824,-79.9831,-79.9835
1.6,-58.1,-58.1982,-57.7183,-56.6923,-55.1728,-53.1906,-50.7452,-47.8071,-44.3257,-40.238,-35.4776,-29.985,-23.7239,-16.7138,-9.07652,-1.08004,6.84183,14.0827,19.7658,22.1213,14.9832,-32.8093,-60.6291,-72.1945,-76.8649,-78.7366,-79.4849,-79.7839,-79.9033,-79.9511,-79.9702,-79.9778,-79.981,-79.9823,-79.983,-79.9835
1.605,-58.3545,-58.4547,-57.995,-57.0031,-55.5295,-53.6045,-51.2284,-48.3728,-44.9875,-41.0094,-36.3714,-31.0113,-24.8865,-18.0033,-10.4619,-2.50194,5.47323,12.8934,18.9542,22.1043,16.9683,-25.3945,-57.4148,-70.868,-76.3248,-78.5186,-79.3974,-79.7488,-79.8893,-79.9455,-79.9679,-79.9769,-79.9806,-79.9821,-79.9829,-79.9834
1.61,-58.6039,-58.7058,-58.2655,-57.3064,-55.8771,-54.0076,-51.6986,-48.923,-45.6313,-41.7606,-37.2429,-32.0136,-26.0251,-19.2719,-11.8337,-3.92287,4.08711,11.6562,18.025,21.7781,18.2836,-15.8306,-53.4437,-69.284,-75.6895,-78.2633,-79.2949,-79.7078,-79.8729,-79.9389,-79.9653,-79.9759,-79.9802,-79.982,-79.9828,-79.9834
1.615,-58.8483,-58.9518,-58.53,-57.6026,-56.2161,-54.4001,-52.1562,-49.4582,-46.2576,-42.4919,-38.0922,-32.9923,-27.1397,-20.5187,-13.1904,-5.34045,2.68654,10.3784,17.0141,21.3257,19.6288,-4.41517,-48.5158,-67.3529,-74.9286,-77.961,-79.1742,-79.6595,-79.8535,-79.9311,-79.9622,-79.9746,-79.9797,-79.9818,-79.9827,-79.9833
1.62,-59.088,-59.1926,-58.7886,-57.8917,-56.5466,-54.7825,-52.6015,-49.9788,-46.8669,-43.2036,-38.9198,-33.9475,-28.2302,-21.7432,-14.5304,-6.75228,1.27539,9.06878,15.9495,20.8181,20.9554,6.01064,-42.8969,-65.0671,-74.0221,-77.6018,-79.0314,-79.6026,-79.8308,-79.922,-79.9585,-79.9732,-79.9791,-79.9815,-79.9826,-79.9833
1.625,-59.323,-59.4286,-59.0416,-58.1741,-56.869,-55.155,-53.035,-50.4852,-47.4596,-43.8964,-39.726,-34.8794,-29.2965,-22.9448,-15.8524,-8.15597,-0.142453,7.73425,14.8403,20.226,21.8562,12.6025,-36.9845,-62.4925,-72.9701,-77.1799,-78.8631,-79.5354,-79.804,-79.9113,-79.9542,-79.9714,-79.9784,-79.9812,-79.9825,-79.9832
1.63,-59.5534,-59.6598,-59.2891,-58.45,-57.1834,-55.5179,-53.4569,-50.9779,-48.0362,-44.5705,-40.5113,-35.7883,-30.3387,-24.1229,-17.1551,-9.54929,-1.56366,6.37847,13.6838,19.5048,22.164,15.8098,-30.4783,-59.6004,-71.7666,-76.6904,-78.6662,-79.4566,-79.7725,-79.8988,-79.9492,-79.9694,-79.9775,-79.9809,-79.9824,-79.9831
1.635,-59.7794,-59.8863,-59.5312,-58.7195,-57.4902,-55.8716,-53.8677,-51.4574,-48.597,-45.2264,-41.276,-36.6746,-31.3569,-25.2774,-18.4376,-10.9302,-2.9855,5.00363,12.4777,18.6496,22.017,17.4386,-22.4144,-56.1663,-70.3636,-76.121,-78.4364,-79.3643,-79.7355,-79.884,-79.9433,-79.967,-79.9766,-79.9805,-79.9822,-79.983
1.64,-60.0011,-60.1083,-59.7682,-58.9828,-57.7896,-56.2163,-54.2677,-51.9238,-49.1425,-45.8645,-42.0206,-37.5386,-32.3512,-26.4079,-19.6989,-12.2971,-4.40555,3.6122,11.2257,17.6886,21.632,18.7254,-12.0697,-51.8743,-68.6695,-75.4464,-78.1663,-79.256,-79.6922,-79.8666,-79.9363,-79.9642,-79.9755,-79.98,-79.982,-79.9829
1.645,-60.2185,-60.3259,-60.0001,-59.2401,-58.0818,-56.5524,-54.6573,-52.3778,-49.6732,-46.4853,-42.7454,-38.3806,-33.3219,-27.5143,-20.9382,-13.6482,-5.82145,2.20759,9.93614,16.6572,21.1592,20.1014,-0.565596,-46.657,-66.6126,-74.6371,-77.8456,-79.1283,-79.6411,-79.8462,-79.9282,-79.961,-79.9741,-79.9795,-79.9818,-79.9828
1.65,-60.4319,-60.5392,-60.2272,-59.4917,-58.3671,-56.8801,-55.0368,-52.8196,-50.1894,-47.0893,-43.4508,-39.201,-34.2692,-28.5966,-22.1549,-14.9823,-7.23078,0.793748,8.61749,15.5773,20.6289,21.3259,8.72441,-40.9163,-64.2222,-73.6806,-77.4656,-78.9772,-79.5809,-79.8221,-79.9185,-79.9571,-79.9726,-79.9789,-79.9815,-79.9827
1.655,-60.6412,-60.7483,-60.4494,-59.7376,-58.6456,-57.1997,-55.4065,-53.2497,-50.6916,-47.6767,-44.1374,-40.0002,-35.1933,-29.6547,-23.3486,-16.2979,-8.63118,-0.625581,7.27544,14.4525,19.9963,22.0243,13.9796,-34.8804,-61.5524,-72.5793,-77.0214,-78.7995,-79.51,-79.7938,-79.9072,-79.9526,-79.9708,-79.9781,-79.9812,-79.9825
1.66,-60.8466,-60.9533,-60.667,-59.978,-58.9175,-57.5114,-55.7667,-53.6684,-51.1802,-48.2482,-44.8054,-40.7785,-36.0946,-30.6888,-24.5187,-17.5938,-10.0205,-2.04729,5.91295,13.2791,19.228,22.1537,16.4609,-27.9663,-58.5103,-71.316,-76.5067,-78.592,-79.4268,-79.7606,-79.8939,-79.9473,-79.9686,-79.9773,-79.9808,-79.9823
1.665,-61.0481,-61.1543,-60.8801,-60.2131,-59.1831,-57.8155,-56.1178,-54.076,-51.6556,-48.8041,-45.4554,-41.5364,-36.9733,-31.6989,-25.6651,-18.8692,-11.3968,-3.46878,4.53215,12.0567,18.3328,21.9029,17.8762,-19.1553,-54.8168,-69.8255,-75.905,-78.3496,-79.3294,-79.7215,-79.8783,-79.941,-79.9661,-79.9762,-79.9804,-79.9821
1.67,-61.2458,-61.3515,-61.0888,-60.4431,-59.4425,-58.1122,-56.46,-54.473,-52.1183,-49.3448,-46.0878,-42.2743,-37.8298,-32.6852,-26.7874,-20.1231,-12.7585,-4.88769,3.13581,10.7909,17.3442,21.477,19.1839,-8.14785,-50.1927,-68.012,-75.1875,-78.0634,-79.2149,-79.6757,-79.86,-79.9337,-79.9632,-79.975,-79.9799,-79.9818
1.675,-61.4399,-61.5448,-61.2932,-60.668,-59.696,-58.4018,-56.7936,-54.8596,-52.5685,-49.8709,-46.7031,-42.9926,-38.6645,-33.6479,-27.8857,-21.3548,-14.104,-6.30163,1.72762,9.49062,16.2949,20.9869,20.5576,3.01055,-44.7394,-65.8336,-74.3284,-77.7234,-79.0797,-79.6217,-79.8384,-79.925,-79.9597,-79.9736,-79.9793,-79.9816
1.68,-61.6303,-61.7345,-61.4935,-60.888,-59.9436,-58.6844,-57.1188,-55.2362,-53.0067,-50.3826,-47.3016,-43.6917,-39.4777,-34.5873,-28.9597,-22.5638,-15.4319,-7.70817,0.31152,8.16355,15.2,20.4277,21.6318,10.9393,-38.9101,-63.3465,-73.3225,-77.322,-78.9199,-79.558,-79.813,-79.9149,-79.9557,-79.972,-79.9786,-79.9812
1.685,-61.8172,-61.9205,-61.6896,-61.1033,-60.1856,-58.9602,-57.436,-55.6031,-53.4333,-50.8805,-47.8838,-44.3721,-40.2699,-35.5036,-30.0097,-23.7495,-16.741,-9.10504,-1.10893,6.8143,14.0591,19.7506,22.1247,15.0361,-32.6792,-60.5711,-72.1702,-76.8549,-78.7325,-79.4831,-79.7831,-79.9029,-79.9509,-79.9701,-79.9778,-79.9808
1.69,-62.0007,-62.1029,-61.8818,-61.3139,-60.4221,-59.2296,-57.7453,-55.9607,-53.8486,-51.3648,-48.4501,-45.0341,-41.0413,-36.3972,-31.0356,-24.9116,-18.03,-10.4902,-2.53084,5.44534,12.8688,18.9364,22.0995,16.9963,-25.2303,-57.3453,-70.8396,-76.3132,-78.5138,-79.3954,-79.7479,-79.8889,-79.9452,-79.9678,-79.9768,-79.9803
1.695,-62.1807,-62.2819,-62.0702,-61.52,-60.6533,-59.4925,-58.0471,-56.3091,-54.253,-51.8362,-49.001,-45.6782,-41.7924,-37.2684,-32.0376,-26.0498,-19.2982,-11.8617,-3.95172,4.0589,11.6307,18.0052,21.7694,18.3081,-15.6203,-53.3564,-69.2496,-75.6757,-78.2577,-79.2925,-79.7067,-79.8724,-79.9386,-79.9651,-79.9757,-79.9798
1.7,-62.3574,-62.4575,-62.2547,-61.7218,-60.8792,-59.7493,-58.3415,-56.6487,-54.6468,-52.2949,-49.5369,-46.3048,-42.5237,-38.1175,-33.0159,-27.1639,-20.5446,-13.218,-5.36921,2.65809,10.3522,16.993,21.3156,19.6555,-4.18953,-48.4108,-67.3112,-74.9121,-77.9543,-79.1714,-79.6583,-79.853,-79.9309,-79.962,-79.9744,-79.9791
1.705,-62.5309,-62.6297,-62.4355,-61.9192,-61.1002,-60.0002,-58.6288,-56.9798,-55.0303,-52.7413,-50.0582,-46.9144,-43.2355,-38.9449,-33.9707,-28.254,-21.7687,-14.5577,-6.7809,1.24677,9.04207,15.9275,20.8069,20.9777,6.17966,-42.7836,-65.0192,-74.0027,-77.594,-79.0282,-79.6012,-79.8302,-79.9217,-79.9583,-79.9729,-79.9783
1.71,-62.7011,-62.7988,-62.6128,-62.1125,-61.3162,-60.2452,-58.9091,-57.3026,-55.404,-53.1758,-50.5654,-47.5075,-43.9282,-39.7509,-34.9022,-29.3198,-22.9698,-15.8793,-8.1844,-0.171172,7.70709,14.8174,20.2125,21.8672,12.6912,-36.8655,-62.4393,-72.9479,-77.1708,-78.8594,-79.5339,-79.8033,-79.911,-79.954,-79.9711,-79.9774
1.715,-62.8683,-62.9646,-62.7865,-62.3017,-61.5275,-60.4845,-59.1828,-57.6174,-55.768,-53.5988,-51.0588,-48.0843,-44.6023,-40.536,-35.8108,-30.3616,-24.1475,-17.1817,-9.57749,-1.59241,6.35091,13.6599,19.4887,22.1642,15.8508,-30.3393,-59.5394,-71.7411,-76.6799,-78.6618,-79.4548,-79.7717,-79.8983,-79.9489,-79.9689,-79.9764
1.72,-63.0323,-63.1273,-62.9568,-62.487,-61.7341,-60.7184,-59.4499,-57.9244,-56.1228,-54.0106,-51.5389,-48.6455,-45.2583,-41.3005,-36.6968,-31.3794,-25.3015,-18.4638,-10.9582,-3.01424,4.97572,12.4529,18.6311,22.0105,17.4638,-22.2349,-56.0915,-70.3334,-76.1087,-78.4314,-79.3622,-79.7346,-79.8835,-79.9429,-79.9664,-79.9751
1.725,-63.1933,-63.287,-63.1238,-62.6684,-61.9362,-60.9469,-59.7107,-58.2239,-56.4685,-54.4116,-52.0061,-49.1914,-45.8965,-42.0449,-37.5604,-32.3733,-26.4315,-19.7246,-12.3247,-4.43423,3.584,11.2001,17.6683,21.6227,18.7507,-11.8481,-51.7806,-68.6327,-75.4317,-78.1604,-79.2536,-79.6911,-79.866,-79.9359,-79.9635,-79.9737
1.73,-63.3514,-63.4437,-63.2875,-62.8461,-62.1339,-61.1703,-59.9654,-58.5161,-56.8055,-54.8022,-52.4608,-49.7224,-46.5174,-42.7696,-38.4021,-33.3436,-27.5375,-20.9635,-13.6755,-5.85002,2.17917,9.90984,16.6358,21.1489,20.1277,-0.351791,-46.5482,-66.5687,-74.6197,-77.8386,-79.1254,-79.6398,-79.8455,-79.9276,-79.9601,-79.972
1.735,-63.5066,-63.5975,-63.4479,-63.0201,-62.3273,-61.3886,-60.214,-58.8012,-57.134,-55.1826,-52.9033,-50.239,-47.1214,-43.4749,-39.2222,-34.2904,-28.6193,-22.1798,-15.0092,-7.25918,0.765187,8.59069,15.5551,20.6171,21.3447,8.86439,-40.8018,-64.1725,-73.6603,-77.4574,-78.9738,-79.5794,-79.8214,-79.9179,-79.956,-79.9699
1.74,-63.6589,-63.7484,-63.6053,-63.1905,-62.5165,-61.6019,-60.4569,-59.0794,-57.4543,-55.5532,-53.334,-50.7416,-47.7089,-44.1613,-40.0211,-35.2141,-29.677,-23.373,-16.3244,-8.65938,-0.654213,7.24821,14.4294,19.982,22.0313,14.0475,-34.757,-61.4971,-72.5561,-77.0119,-78.7955,-79.5083,-79.7929,-79.9065,-79.9513,-79.9676
1.745,-63.8084,-63.8965,-63.7596,-63.3574,-62.7017,-61.8106,-60.6942,-59.351,-57.7667,-55.9142,-53.7534,-51.2306,-48.2805,-44.8292,-40.7992,-36.115,-30.7106,-24.5426,-17.62,-10.0485,-2.07593,5.88534,13.255,19.211,22.1511,16.4937,-27.8158,-58.4455,-71.2893,-76.4957,-78.5874,-79.4248,-79.7595,-79.893,-79.9457,-79.9648
1.75,-63.9552,-64.0419,-63.9109,-63.5209,-62.8829,-62.0145,-60.926,-59.616,-58.0714,-56.2661,-54.1617,-51.7064,-48.8365,-45.4791,-41.5568,-36.9934,-31.7202,-25.6885,-18.895,-11.4245,-3.4974,4.50421,12.0316,18.3136,21.8951,17.9004,-18.9599,-54.736,-69.7933,-75.892,-78.3442,-79.3271,-79.7203,-79.8772,-79.9391,-79.9615
1.755,-64.0993,-64.1846,-64.0592,-63.6811,-63.0602,-62.2139,-61.1524,-59.8748,-58.3686,-56.609,-54.5592,-52.1694,-49.3774,-46.1114,-42.2945,-37.8495,-32.7061,-26.8104,-20.1484,-12.7859,-4.91623,3.10761,10.7651,17.3235,21.4672,19.2101,-7.92075,-50.093,-67.9727,-75.172,-78.0572,-79.2122,-79.6743,-79.8587,-79.9314,-79.9577
1.76,-64.2408,-64.3246,-64.2048,-63.8381,-63.2338,-62.409,-61.3737,-60.1275,-58.6585,-56.9433,-54.9465,-52.62,-49.9035,-46.7266,-43.0125,-38.6838,-33.6684,-27.9082,-21.3797,-14.131,-6.33003,1.69922,9.4642,16.2733,20.9762,20.5822,3.20381,-44.6281,-65.7876,-74.31,-77.7159,-79.0765,-79.6201,-79.8369,-79.9223,-79.9532
1.765,-64.3797,-64.4621,-64.3475,-63.9918,-63.4037,-62.5997,-61.5899,-60.3742,-58.9414,-57.2692,-55.3237,-53.0586,-50.4154,-47.325,-43.7114,-39.4967,-34.6073,-28.9818,-22.5882,-15.4586,-7.73641,0.283009,8.13666,15.1775,20.4151,21.6467,11.0512,-38.7941,-63.2952,-73.3013,-77.3133,-78.9162,-79.5561,-79.8112,-79.9116,-79.9479
1.77,-64.5161,-64.5971,-64.4875,-64.1425,-63.5701,-62.7863,-61.8012,-60.6151,-59.2175,-57.587,-55.6912,-53.4855,-50.9134,-47.9071,-44.3915,-40.2885,-35.5233,-30.0312,-23.7734,-16.7672,-9.13305,-1.13749,6.78701,14.0357,19.7354,22.128,15.0881,-32.5493,-60.5133,-72.146,-76.8448,-78.7281,-79.4809,-79.781,-79.8991,-79.9416
1.775,-64.6499,-64.7296,-64.6249,-64.2902,-63.7329,-62.9688,-62.0078,-60.8505,-59.487,-57.8969,-56.0492,-53.9012,-51.3979,-48.4734,-45.0533,-41.0596,-36.4164,-31.0567,-24.935,-18.0559,-10.5179,-2.5594,5.41768,12.8444,18.9186,22.0947,17.0239,-25.0661,-57.2759,-70.8113,-76.3015,-78.5088,-79.3927,-79.7454,-79.8843,-79.9343
1.78,-64.7814,-64.8596,-64.7596,-64.435,-63.8924,-63.1473,-62.2097,-61.0804,-59.75,-58.1992,-56.3982,-54.3059,-51.8694,-49.0242,-45.6972,-41.8104,-37.2872,-32.0582,-26.0728,-19.3236,-11.8891,-3.98023,4.03093,11.6054,17.9854,21.7607,18.3325,-15.4103,-53.2691,-69.2152,-75.6618,-78.2518,-79.2895,-79.7038,-79.8669,-79.9257
1.785,-64.9104,-64.9874,-64.8918,-64.5769,-64.0485,-63.322,-62.4071,-61.305,-60.0068,-58.4941,-56.7383,-54.7,-52.3282,-49.5601,-46.3236,-42.5413,-38.1359,-33.036,-27.1864,-20.5696,-13.2452,-5.39762,2.62987,10.3262,16.972,21.3056,19.6821,-3.96531,-48.306,-67.2696,-74.8955,-77.9474,-79.1678,-79.6548,-79.8466,-79.9156
1.79,-65.0372,-65.1127,-65.0215,-64.716,-64.2015,-63.4929,-62.6001,-61.5244,-60.2575,-58.7817,-57.0698,-55.0839,-52.7747,-50.0814,-46.933,-43.2528,-38.9629,-33.9904,-28.276,-21.7932,-14.5845,-6.80916,1.21839,9.01554,15.9056,20.7957,20.9997,6.34633,-42.6707,-64.9713,-73.9832,-77.5858,-79.024,-79.5971,-79.8226,-79.9037
1.795,-65.1616,-65.2358,-65.1488,-64.8523,-64.3512,-63.6601,-62.7888,-61.7388,-60.5023,-59.0624,-57.3931,-55.4579,-53.2094,-50.5885,-47.5259,-43.9453,-39.7686,-34.9215,-29.3414,-22.9938,-15.9057,-8.21248,-0.199638,7.68012,14.7947,20.1991,21.8779,12.7782,-36.7468,-62.3862,-72.9256,-77.1613,-78.8544,-79.529,-79.7943,-79.8897
1.8,-65.2838,-65.3567,-65.2737,-64.986,-64.498,-63.8238,-62.9734,-61.9484,-60.7414,-59.3364,-57.7083,-55.8223,-53.6325,-51.0819,-48.1026,-44.6191,-40.5533,-35.8296,-30.3827,-24.1711,-17.2077,-9.60533,-1.62091,6.32355,13.6362,19.4725,22.1642,15.891,-30.2003,-59.4784,-71.7155,-76.6688,-78.656,-79.4491,-79.7611,-79.8732
1.805,-65.4037,-65.4754,-65.3963,-65.1171,-64.6417,-63.984,-63.1539,-62.1531,-60.9749,-59.6037,-58.0157,-56.1773,-54.0445,-51.562,-48.6636,-45.2748,-41.3174,-36.7152,-31.4,-25.3246,-18.4893,-10.9857,-3.04272,4.94801,12.4282,18.6126,22.0039,17.4888,-22.0552,-56.0166,-70.303,-76.0958,-78.4246,-79.3555,-79.7221,-79.8538
1.81,-65.5216,-65.592,-65.5166,-65.2456,-64.7825,-64.1408,-63.3305,-62.3533,-61.203,-59.8647,-58.3155,-56.5233,-54.4457,-52.0292,-49.2094,-45.9127,-42.0615,-37.5784,-32.3934,-26.4542,-19.7498,-12.352,-4.46264,3.556,11.1746,17.6481,21.6135,18.776,-11.6268,-51.6868,-68.5956,-75.4163,-78.1524,-79.2457,-79.6764,-79.8311
1.815,-65.6373,-65.7065,-65.6347,-65.3717,-64.9204,-64.2944,-63.5032,-62.549,-61.4258,-60.1195,-58.608,-56.8606,-54.8364,-52.4839,-49.7402,-46.5334,-42.7857,-38.4197,-33.3632,-27.5596,-20.9882,-13.7025,-5.87832,2.15095,9.88371,16.6146,21.1386,20.1538,-0.139786,-46.4395,-66.5245,-74.6012,-77.8291,-79.1161,-79.6225,-79.8044
1.82,-65.7509,-65.8189,-65.7506,-65.4953,-65.0556,-64.4447,-63.6721,-62.7403,-61.6435,-60.3683,-58.8934,-57.1893,-55.2169,-52.9264,-50.2567,-47.1371,-43.4907,-39.2394,-34.3096,-28.641,-22.204,-15.0358,-7.28732,0.736835,8.56405,15.533,20.6053,21.3632,9.00219,-40.6876,-64.1226,-73.6389,-77.4462,-78.9629,-79.559,-79.7729
1.825,-65.8625,-65.9294,-65.8644,-65.6165,-65.1881,-64.5918,-63.8374,-62.9273,-61.8562,-60.6112,-59.1719,-57.5099,-55.5877,-53.3571,-50.7592,-47.7245,-44.1768,-40.0379,-35.2329,-29.6982,-23.3967,-16.3506,-8.68732,-0.682634,7.22116,14.4063,19.9677,22.038,14.1143,-34.6337,-61.4414,-72.5316,-76.9989,-78.7827,-79.4842,-79.7358
1.83,-65.9722,-66.0379,-65.9761,-65.7355,-65.3179,-64.736,-63.9992,-63.1102,-62.0641,-60.8484,-59.4437,-57.8225,-55.9489,-53.7765,-51.248,-48.2958,-44.8444,-40.8156,-36.1333,-30.7313,-24.566,-17.6458,-10.0762,-2.10437,5.85791,13.231,19.1941,22.1484,16.5261,-27.6648,-58.38,-71.2608,-76.4806,-78.5724,-79.3965,-79.6923
1.835,-66.0799,-66.1445,-66.0858,-65.8522,-65.4452,-64.8771,-64.1575,-63.2891,-62.2672,-61.0801,-59.7089,-58.1274,-56.3009,-54.1848,-51.7237,-48.8516,-45.494,-41.5728,-37.0112,-31.7405,-25.7114,-18.9203,-11.4519,-3.5258,4.47645,12.0067,18.2945,21.8873,17.9246,-18.7639,-54.6543,-69.7592,-75.8741,-78.3265,-79.2938,-79.6412
1.84,-66.1856,-66.2492,-66.1935,-65.9667,-65.5699,-65.0153,-64.3124,-63.464,-62.4658,-61.3064,-59.9678,-58.4248,-56.6439,-54.5824,-52.1866,-49.3922,-46.1261,-42.3101,-37.867,-32.7258,-26.8328,-20.1733,-12.813,-4.94454,3.07958,10.7394,17.303,21.4576,19.2364,-7.69377,-49.9923,-67.9312,-75.1506,-78.0363,-79.173,-79.5811
1.845,-66.2896,-66.352,-66.2992,-66.0791,-65.6923,-65.1508,-64.464,-63.6351,-62.6599,-61.5275,-60.2206,-58.7149,-56.9783,-54.9696,-52.6371,-49.9182,-46.7409,-43.0278,-38.7009,-33.6877,-27.93,-21.4042,-14.1578,-6.35822,1.67101,9.43794,16.2518,20.9655,20.6069,3.39563,-44.5157,-65.7389,-74.2847,-77.6913,-79.0303,-79.5104
1.85,-66.3916,-66.4531,-66.4031,-66.1893,-65.8122,-65.2834,-64.6125,-63.8025,-62.8496,-61.7435,-60.4674,-58.998,-57.3044,-55.3469,-53.0756,-50.4299,-47.3391,-43.7263,-39.5133,-34.6262,-29.0032,-22.6122,-15.485,-7.76442,0.254684,8.10993,15.1552,20.4026,21.6614,11.1616,-38.6767,-63.2406,-73.272,-77.2843,-78.8617,-79.4271
1.855,-66.4919,-66.5524,-66.5051,-66.2975,-65.9298,-65.4134,-64.7578,-63.9662,-63.0351,-61.9546,-60.7084,-59.2742,-57.6222,-55.7144,-53.5025,-50.9277,-47.9209,-44.4061,-40.3047,-35.5417,-30.0521,-23.7969,-16.7932,-9.16084,-1.16587,6.75988,14.0124,19.7202,22.1312,15.1396,-32.4171,-60.4514,-72.1121,-76.8109,-78.6641,-79.329
1.86,-66.5905,-66.65,-66.6053,-66.4038,-66.0451,-65.5408,-64.9001,-64.1264,-63.2165,-62.1608,-60.9438,-59.5438,-57.9322,-56.0724,-53.9181,-51.412,-48.4869,-45.0675,-41.0754,-36.4344,-31.0771,-24.9581,-18.0815,-10.5454,-2.58777,5.39019,12.8201,18.9009,22.0899,17.0519,-24.8982,-57.2012,-70.7714,-76.2617,-78.4335,-79.2141
1.865,-66.6873,-66.7459,-66.7038,-66.508,-66.1582,-65.6656,-65.0394,-64.2831,-63.3938,-62.3624,-61.1737,-59.8069,-58.2346,-56.4214,-54.3227,-51.8833,-49.0375,-45.7111,-41.8258,-37.3047,-32.0782,-26.0953,-19.3488,-11.9164,-4.00855,4.00312,11.5803,17.9659,21.7523,18.3577,-15.1956,-53.1753,-69.1671,-75.6147,-78.1631,-79.0793
1.87,-66.7825,-66.8402,-66.8005,-66.6104,-66.2692,-65.7879,-65.1758,-64.4365,-63.5673,-62.5594,-61.3983,-60.0638,-58.5296,-56.7615,-54.7168,-52.342,-49.5731,-46.3372,-42.5564,-38.153,-33.0555,-27.2085,-20.5943,-13.2721,-5.42584,2.60183,10.3004,16.9512,21.2959,19.7097,-3.7368,-48.1933,-67.2116,-74.8397,-77.8429,-78.9206
1.875,-66.876,-66.9328,-66.8955,-66.7109,-66.378,-65.9078,-65.3094,-64.5867,-63.737,-62.7519,-61.6176,-60.3146,-58.8173,-57.0931,-55.1006,-52.7884,-50.0942,-46.9464,-43.2675,-38.9796,-34.0094,-28.2976,-21.8174,-14.611,-6.83724,1.19019,8.98917,15.8839,20.7848,21.0225,6.51571,-42.5481,-64.904,-73.9174,-77.4628,-78.733
1.88,-66.968,-67.0239,-66.9889,-66.8096,-66.4848,-66.0253,-65.4403,-64.7336,-63.9029,-62.9402,-61.832,-60.5595,-59.0981,-57.4164,-55.4745,-53.2229,-50.6011,-47.5389,-43.9596,-39.7848,-34.94,-29.3625,-23.0176,-15.9319,-8.24036,-0.227924,7.65332,14.7721,20.186,21.8893,12.8674,-36.6154,-62.3095,-72.8484,-77.0165,-78.512
1.885,-67.0583,-67.1135,-67.0807,-66.9065,-66.5896,-66.1406,-65.5685,-64.8775,-64.0653,-63.1242,-62.0414,-60.7986,-59.3721,-57.7316,-55.8388,-53.6459,-51.0943,-48.1154,-44.6331,-40.5691,-35.8477,-30.4033,-24.1944,-17.2335,-9.63298,-1.64923,6.29636,13.6127,19.4568,22.1649,15.9341,-30.0433,-59.3886,-71.625,-76.4985,-78.2531
1.89,-67.1471,-67.2015,-67.1709,-67.0017,-66.6924,-66.2535,-65.6942,-65.0183,-64.2241,-63.3042,-62.246,-61.0321,-59.6395,-58.039,-56.1938,-54.0578,-51.5742,-48.6761,-45.2884,-41.3329,-36.7328,-31.4201,-25.3474,-18.5147,-11.0131,-3.07101,4.92048,12.4037,18.5944,21.9983,17.5178,-21.8499,-55.9057,-70.1955,-75.895,-77.9506
1.895,-67.2345,-67.2881,-67.2595,-67.0952,-66.7934,-66.3644,-65.8173,-65.1562,-64.3795,-63.4802,-62.446,-61.2602,-59.9005,-58.3388,-56.5397,-54.4588,-52.0412,-49.2215,-45.926,-42.0765,-37.5956,-32.4131,-26.4765,-19.7747,-12.3791,-4.49087,3.52819,11.1493,17.6284,21.6054,18.807,-11.372,-51.5479,-68.4665,-75.1794,-77.5948
1.9,-67.3203,-67.3732,-67.3466,-67.187,-66.8925,-66.473,-65.9379,-65.2912,-64.5316,-63.6522,-62.6415,-61.483,-60.1553,-58.6313,-56.8769,-54.8494,-52.4956,-49.7522,-46.5464,-42.8004,-38.4365,-33.3825,-27.5815,-21.0127,-13.7292,-5.90643,2.12293,9.85782,16.5938,21.1298,20.1865,0.106697,-46.2749,-66.3704,-74.3216,-77.1729
1.905,-67.4047,-67.4569,-67.4323,-67.2773,-66.9897,-66.5796,-66.0561,-65.4235,-64.6804,-63.8206,-62.8326,-61.7007,-60.4041,-58.9167,-57.2057,-55.2298,-52.938,-50.2684,-47.1498,-43.505,-39.2557,-34.3284,-28.6624,-22.2281,-15.0622,-7.31527,0.708689,8.5377,15.5114,20.5952,21.388,9.16717,-40.5038,-63.9411,-73.309,-76.6734
1.91,-67.4877,-67.5392,-67.5165,-67.366,-67.0852,-66.6842,-66.172,-65.553,-64.8261,-63.9852,-63.0194,-61.9133,-60.647,-59.1952,-57.5262,-55.6004,-53.3685,-50.7706,-47.7368,-44.1907,-40.0538,-35.2512,-29.7191,-23.4203,-16.3766,-8.71506,-0.71084,7.1944,14.3839,19.9551,22.0502,14.2026,-34.4188,-61.2266,-72.1422,-76.0886
1.915,-67.5694,-67.6202,-67.5994,-67.4531,-67.179,-66.7868,-66.2856,-65.6798,-64.9687,-64.1463,-63.202,-62.1211,-60.8842,-59.4669,-57.8387,-55.9615,-53.7877,-51.2592,-48.3079,-44.858,-40.8311,-36.1512,-30.7517,-24.5891,-17.6714,-10.1036,-2.13258,5.8308,13.2076,19.1787,22.1511,16.5811,-27.3854,-58.1188,-70.7998,-75.4086
1.92,-67.6496,-67.6999,-67.6808,-67.5387,-67.2711,-66.8875,-66.397,-65.8041,-65.1083,-64.3038,-63.3806,-62.3242,-61.1159,-59.7322,-58.1436,-56.3134,-54.1958,-51.7347,-48.8634,-45.5073,-41.588,-37.0287,-31.7604,-25.734,-18.9455,-11.4791,-3.55397,4.44902,11.9825,18.2772,21.8859,17.9784,-18.3867,-54.3278,-69.2104,-74.6115
1.925,-67.7286,-67.7783,-67.7609,-67.6229,-67.3615,-66.9863,-66.5062,-65.9259,-65.245,-64.458,-63.5552,-62.5226,-61.3422,-59.9911,-58.4409,-56.6564,-54.5933,-52.1974,-49.4037,-46.1389,-42.3248,-37.884,-32.7453,-26.8549,-20.1981,-12.8399,-4.97262,3.05191,10.7145,17.2846,21.4562,19.3017,-7.24052,-49.5845,-67.2758,-73.6618
1.93,-67.8063,-67.8554,-67.8397,-67.7057,-67.4504,-67.0832,-66.6133,-66.0453,-65.3788,-64.6089,-63.726,-62.7166,-61.5633,-60.2438,-58.731,-56.9907,-54.9804,-52.6477,-49.9294,-46.7535,-43.0421,-38.7174,-33.7067,-27.9517,-21.4284,-14.1843,-6.38616,1.64319,9.41255,16.2329,20.9647,20.6742,3.80356,-44.023,-64.9565,-72.5264
1.935,-67.8827,-67.9313,-67.9172,-67.787,-67.5377,-67.1784,-66.7183,-66.1622,-65.5099,-64.7565,-63.893,-62.9062,-61.7792,-60.4906,-59.014,-57.3166,-55.3575,-53.0859,-50.4408,-47.3513,-43.7403,-39.5294,-34.6447,-29.0243,-22.636,-15.5111,-7.79217,0.2268,8.08421,15.1358,20.4003,21.7149,11.4372,-38.0797,-62.3044,-71.1925
1.94,-67.9579,-68.0059,-67.9935,-67.867,-67.6234,-67.2719,-66.8214,-66.2769,-65.6383,-64.901,-64.0564,-63.0916,-61.9902,-60.7316,-59.2902,-57.6344,-55.7248,-53.5126,-50.9384,-47.9328,-44.4197,-40.3204,-35.5597,-30.0728,-23.8203,-16.819,-9.18836,-1.19376,6.73385,13.9922,19.7149,22.1686,15.3291,-31.6396,-59.317,-69.6501
1.945,-68.0319,-68.0794,-68.0685,-67.9457,-67.7077,-67.3636,-66.9225,-66.3892,-65.764,-65.0425,-64.2162,-63.2728,-62.1964,-60.9669,-59.5597,-57.9443,-56.0828,-53.928,-51.4225,-48.4985,-45.0808,-41.0907,-36.452,-31.0973,-24.9809,-18.1068,-10.5727,-2.61561,5.36388,12.799,18.8931,22.1203,17.2356,-23.814,-55.7974,-67.8495
1.95,-68.1047,-68.1518,-68.1424,-68.0231,-67.7905,-67.4537,-67.0217,-66.4994,-65.8872,-65.181,-64.3726,-63.4501,-62.3979,-61.1968,-59.8228,-58.2466,-56.4316,-54.3325,-51.8936,-49.0488,-45.724,-41.8407,-37.3219,-32.0979,-26.1177,-19.3737,-11.9433,-4.0363,3.97661,11.5587,17.9576,21.7872,18.5904,-13.721,-51.41,-65.6837
1.955,-68.1763,-68.223,-68.215,-68.0992,-67.8719,-67.5422,-67.119,-66.6074,-66.0079,-65.3166,-64.5256,-63.6233,-62.5949,-61.4213,-60.0796,-58.5414,-56.7716,-54.7264,-52.352,-49.5842,-46.3498,-42.5709,-38.1697,-33.0748,-27.2304,-20.6188,-13.2987,-5.45344,2.57526,10.2787,16.9444,21.3413,19.9954,-2.06271,-45.9844,-63.0379
1.96,-68.2469,-68.2931,-68.2866,-68.1741,-67.9519,-67.6291,-67.2145,-66.7133,-66.1262,-65.4494,-64.6753,-63.7928,-62.7873,-61.6406,-60.3303,-58.8291,-57.103,-55.11,-52.7982,-50.105,-46.9586,-43.2816,-38.9959,-34.0282,-28.319,-21.8415,-14.6372,-6.86462,1.1637,8.96779,15.8789,20.8362,21.3071,7.92958,-39.8077,-59.8811
1.965,-68.3163,-68.3621,-68.357,-68.2477,-68.0306,-67.7145,-67.3083,-66.8172,-66.2421,-65.5794,-64.8218,-63.9586,-62.9755,-61.8549,-60.5752,-59.1098,-57.4262,-55.4838,-53.2325,-50.6116,-47.5509,-43.9734,-39.8007,-34.9584,-29.3834,-23.0411,-15.9577,-8.26746,-0.254236,7.63222,14.7677,20.235,22.1311,13.9056,-33.0755,-56.2112
1.97,-68.3846,-68.4301,-68.4263,-68.3202,-68.108,-67.7984,-67.4004,-66.9192,-66.3557,-65.7067,-64.9652,-64.1207,-63.1595,-62.0643,-60.8142,-59.3837,-57.7413,-55.8479,-53.6553,-51.1046,-48.127,-44.6465,-40.5846,-35.8656,-30.4238,-24.2174,-17.2589,-9.65975,-1.67532,6.27541,13.6079,19.5013,22.3791,16.8732,-25.1316,-51.8488
1.975,-68.4519,-68.497,-68.4945,-68.3915,-68.1841,-67.8808,-67.4907,-67.0191,-66.4671,-65.8315,-65.1056,-64.2794,-63.3393,-62.2689,-61.0477,-59.651,-58.0486,-56.2027,-54.0669,-51.5842,-48.6874,-45.3015,-41.348,-36.7502,-31.4401,-25.37,-18.5396,-11.0395,-3.09684,4.89971,12.3992,18.6405,22.2323,18.6601,-14.8987,-46.355
1.98,-68.5182,-68.5629,-68.5618,-68.4617,-68.2589,-67.9619,-67.5795,-67.1172,-66.5762,-65.9537,-65.2431,-64.4345,-63.5152,-62.4688,-61.2757,-59.912,-58.3483,-56.5485,-54.4678,-52.0509,-49.2326,-45.9387,-42.0912,-37.6126,-32.4326,-26.4986,-19.7991,-12.405,-4.51635,3.50794,11.1468,17.6853,21.9006,20.2884,-2.58007,-39.2537
1.985,-68.5835,-68.6279,-68.6279,-68.5308,-68.3325,-68.0415,-67.6666,-67.2135,-66.6833,-66.0734,-65.3776,-64.5864,-63.6872,-62.6642,-61.4985,-60.1667,-58.6407,-56.8856,-54.8581,-52.5051,-49.7629,-46.5587,-42.8147,-38.453,-33.4015,-27.6031,-21.0366,-13.7547,-5.9314,2.10373,9.85907,16.6661,21.4825,21.8291,8.67609,-30.3446
1.99,-68.6477,-68.6918,-68.6931,-68.5988,-68.4049,-68.1198,-67.7523,-67.308,-66.7883,-66.1908,-65.5094,-64.735,-63.8554,-62.8552,-61.7161,-60.4154,-58.926,-57.2142,-55.2384,-52.9472,-50.2788,-47.1618,-43.5189,-39.2718,-34.3469,-28.6834,-22.2515,-15.0872,-7.33957,0.690888,8.54307,15.5951,20.9648,22.915,15.9714,-19.14
1.995,-68.711,-68.7548,-68.7573,-68.6658,-68.4761,-68.1967,-67.8364,-67.4007,-66.8912,-66.3057,-65.6384,-64.8804,-64.0199,-63.042,-61.9287,-60.6582,-59.2043,-57.5345,-55.6088,-53.3776,-50.7808,-47.7485,-44.2043,-40.0695,-35.2693,-29.7396,-23.4432,-16.401,-8.73857,-0.727132,7.20322,14.4737,20.3199,23.453,20.2345,-4.77992
2,-68.7734,-68.8169,-68.8206,-68.7317,-68.5462,-68.2724,-67.919,-67.4917,-66.9922,-66.4184,-65.7648,-65.0228,-64.1808,-63.2245,-62.1364,-60.8954,-59.476,-57.847,-55.9698,-53.7966,-51.2691,-48.3193,-44.8712,-40.8464,-36.1688,-30.7717,-24.6114,-17.6951,-10.1263,-2.14736,5.84268,13.3031,19.5535,23.6017,23.1633,10.3142
2.005,-68.8348,-68.8781,-68.8829,-68.7967,-68.6152,-68.3468,-68.0002,-67.5811,-67.0913,-66.5289,-65.8886,-65.1621,-64.3382,-63.403,-62.3394,-61.127,-59.7411,-58.1517,-56.3215,-54.2045,-51.7443,-48.8744,-45.5201,-41.6028,-37.0458,-31.7799,-25.7557,-18.9686,-11.5009,-3.56712,4.46443,12.0872,18.6831,23.4686,25.1067,20.4778
2.01,-68.8954,-68.9384,-68.9443,-68.8606,-68.6831,-68.42,-68.08,-67.6688,-67.1885,-66.6372,-66.0099,-65.2986,-64.4923,-63.5775,-62.5378,-61.3532,-59.9999,-58.4489,-56.6643,-54.6017,-52.2068,-49.4145,-46.1514,-42.3393,-37.9006,-32.7643,-26.876,-20.2204,-12.8606,-4.98396,3.07148,10.8302,17.7196,23.0843,26.0645,25.1756
2.015,-68.955,-68.9978,-69.0048,-68.9236,-68.75,-68.492,-68.1584,-67.755,-67.2839,-66.7434,-66.1288,-65.4321,-64.643,-63.7482,-62.7317,-61.5742,-60.2526,-58.7388,-56.9984,-54.9886,-52.6568,-49.9399,-46.7656,-43.0562,-38.7336,-33.7252,-27.9722,-21.45,-14.2039,-6.39556,1.66678,9.53609,16.6715,22.4808,26.2778,26.972
2.02,-69.0138,-69.0564,-69.0644,-68.9857,-68.8158,-68.5628,-68.2355,-67.8397,-67.3775,-66.8476,-66.2452,-65.5629,-64.7905,-63.9152,-62.9212,-61.7901,-60.4993,-59.0217,-57.3242,-55.3655,-53.0949,-50.451,-47.3631,-43.754,-39.5452,-34.6627,-29.0442,-22.6568,-15.5296,-7.79975,0.253251,8.20905,15.5487,21.7028,26.0222,27.4777
2.025,-69.0717,-69.1142,-69.1232,-69.0468,-68.8806,-68.6325,-68.3113,-67.9229,-67.4694,-66.9497,-66.3594,-65.691,-64.9349,-64.0784,-63.1065,-62.001,-60.7402,-59.2978,-57.6419,-55.7327,-53.5213,-50.9483,-47.9443,-44.433,-40.3357,-35.5772,-30.0921,-23.8403,-16.8364,-9.19449,-1.16618,6.85356,14.362,20.7933,25.4841,27.3776
2.03,-69.1288,-69.1711,-69.1811,-69.1071,-68.9444,-68.7011,-68.3858,-68.0046,-67.5596,-67.0499,-66.4712,-65.8165,-65.0762,-64.2382,-63.2877,-62.2071,-60.9754,-59.5672,-57.9516,-56.0905,-53.9365,-51.4322,-48.5097,-45.0937,-41.1056,-36.469,-31.116,-25.0002,-18.1233,-10.5779,-2.58858,5.47434,13.122,19.7844,24.767,26.9563
2.035,-69.1851,-69.2273,-69.2383,-69.1664,-69.0072,-68.7686,-68.4591,-68.0848,-67.6482,-67.1482,-66.5809,-65.9394,-65.2145,-64.3944,-63.4648,-62.4086,-61.2052,-59.8302,-58.2538,-56.4391,-54.3408,-51.903,-49.0597,-45.7366,-41.8552,-37.3383,-32.1159,-26.1362,-19.3894,-11.948,-4.01103,4.076,11.8378,18.6979,23.9261,26.3402
2.04,-69.2407,-69.2826,-69.2946,-69.2249,-69.0691,-68.835,-68.5312,-68.1637,-67.7352,-67.2447,-66.6884,-66.0598,-65.35,-64.5473,-63.6381,-62.6054,-61.4296,-60.0869,-58.5485,-56.779,-54.7345,-52.3612,-49.5947,-46.362,-42.5849,-38.1857,-33.0922,-27.2482,-20.6338,-13.3033,-5.43076,2.66286,10.5166,17.548,22.9908,25.5899
2.045,-69.2954,-69.3372,-69.3501,-69.2826,-69.1301,-68.9004,-68.6021,-68.2413,-67.8206,-67.3393,-66.7938,-66.1778,-65.4826,-64.697,-63.8075,-62.7978,-61.6489,-60.3375,-58.836,-57.1102,-55.1179,-52.8071,-50.1152,-46.9705,-43.2953,-39.0113,-34.0451,-28.3362,-21.8559,-14.6422,-6.84513,1.23888,9.1643,16.3445,21.9779,24.737
2.05,-69.3494,-69.3911,-69.4049,-69.3395,-69.1902,-68.9648,-68.6719,-68.3176,-67.9045,-67.4322,-66.8972,-66.2935,-65.6124,-64.8434,-63.9731,-62.9859,-61.8631,-60.5822,-59.1166,-57.4332,-55.4915,-53.2412,-50.6216,-47.5624,-43.9866,-39.8156,-34.9747,-29.4,-23.0553,-15.9633,-8.2517,-0.192367,7.78598,15.0943,20.898,23.7991
2.055,-69.4026,-69.4442,-69.4589,-69.3955,-69.2494,-69.0282,-68.7405,-68.3925,-67.9869,-67.5234,-66.9986,-66.4068,-65.7396,-64.9867,-64.1352,-63.1698,-62.0723,-60.8212,-59.3904,-57.7482,-55.8554,-53.6637,-51.1143,-48.1381,-44.6593,-40.5991,-35.8814,-30.4399,-24.2314,-17.2653,-9.64825,-1.62759,6.38589,13.8029,19.7581,22.7869
2.06,-69.4551,-69.4966,-69.5122,-69.4508,-69.3078,-69.0906,-68.8081,-68.4662,-68.0679,-67.6129,-67.0981,-66.5179,-65.8642,-65.127,-64.2938,-63.3496,-62.2769,-61.0546,-59.6576,-58.0553,-56.2101,-54.0752,-51.5936,-48.6982,-45.3139,-41.362,-36.7656,-31.4558,-25.3838,-18.5472,-11.0327,-3.0638,4.96784,12.4748,18.5638,21.7078
2.065,-69.5069,-69.5484,-69.5648,-69.5053,-69.3652,-69.1521,-68.8745,-68.5387,-68.1475,-67.7008,-67.1957,-66.6267,-65.9862,-65.2643,-64.4489,-63.5254,-62.4767,-61.2825,-59.9184,-58.3549,-56.5557,-54.4758,-52.0601,-49.2431,-45.9508,-42.1048,-37.6275,-32.4479,-26.5125,-19.8081,-12.4033,-4.4982,3.53536,11.114,17.3197,20.5674
2.07,-69.558,-69.5994,-69.6166,-69.5591,-69.4219,-69.2127,-68.94,-68.61,-68.2257,-67.7871,-67.2915,-66.7335,-66.1058,-65.3988,-64.6006,-63.6973,-62.6721,-61.5052,-60.173,-58.6472,-56.8926,-54.866,-52.5141,-49.7731,-46.5704,-42.8279,-38.4674,-33.4165,-27.6171,-21.0472,-13.7584,-5.92824,2.09175,9.72428,16.0299,19.3703
2.075,-69.6084,-69.6497,-69.6678,-69.6121,-69.4778,-69.2724,-69.0044,-68.6801,-68.3026,-67.8719,-67.3854,-66.8382,-66.223,-65.5304,-64.7492,-63.8654,-62.863,-61.7227,-60.4216,-58.9323,-57.221,-55.246,-52.9559,-50.2888,-47.1732,-43.5317,-39.2859,-34.3617,-28.6978,-22.2638,-15.0964,-7.35153,0.640114,8.30924,14.6982,18.1207
2.08,-69.6581,-69.6994,-69.7183,-69.6644,-69.5329,-69.3312,-69.0679,-68.7491,-68.3782,-67.9552,-67.4777,-66.9409,-66.3378,-65.6594,-64.8945,-64.0299,-63.0496,-61.9352,-60.6643,-59.2105,-57.5412,-55.6163,-53.386,-50.7904,-47.7595,-44.2167,-40.0832,-35.2839,-29.7544,-23.4574,-16.416,-8.76587,-0.816561,6.87231,13.3284,16.8225
2.085,-69.7072,-69.7485,-69.7681,-69.716,-69.5872,-69.3891,-69.1303,-68.817,-68.4525,-68.037,-67.5682,-67.0416,-66.4503,-65.7857,-65.0368,-64.1907,-63.2321,-62.1428,-60.9014,-59.4821,-57.8535,-55.977,-53.8048,-51.2785,-48.33,-44.8833,-40.8598,-36.1832,-30.787,-24.6277,-17.7162,-10.1692,-2.27544,5.41685,11.924,15.4794
2.09,-69.7557,-69.7969,-69.8173,-69.7669,-69.6408,-69.4463,-69.1918,-68.8838,-68.5255,-68.1173,-67.6571,-67.1404,-66.5606,-65.9094,-65.1761,-64.3481,-63.4105,-62.3457,-61.1329,-59.7471,-58.158,-56.3285,-54.2125,-51.7535,-48.8848,-45.5318,-41.6159,-37.0602,-31.7958,-25.7743,-18.996,-11.5597,-3.73382,3.94616,10.4886,14.0951
2.095,-69.8035,-69.8447,-69.8659,-69.8172,-69.6936,-69.5026,-69.2524,-68.9496,-68.5974,-68.1963,-67.7444,-67.2373,-66.6688,-66.0305,-65.3124,-64.5021,-63.585,-62.5441,-61.359,-60.0058,-58.4551,-56.6712,-54.6095,-52.2156,-49.4246,-46.1629,-42.3522,-37.915,-32.7809,-26.8971,-20.2544,-12.9356,-5.18912,2.46344,9.02584,12.6732
2.1,-69.8507,-69.8919,-69.9138,-69.8667,-69.7457,-69.558,-69.3121,-69.0143,-68.6681,-68.274,-67.8301,-67.3324,-66.7748,-66.1493,-65.4459,-64.6527,-63.7556,-62.7379,-61.5799,-60.2583,-58.7449,-57.0052,-54.9962,-52.6655,-49.9497,-46.7768,-43.0689,-38.7481,-33.7425,-27.9958,-21.4908,-14.2953,-6.6389,0.971857,7.53923,11.2175
2.105,-69.8973,-69.9385,-69.9611,-69.9157,-69.7972,-69.6128,-69.3709,-69.0781,-68.7376,-68.3503,-67.9143,-67.4257,-66.8788,-66.2656,-65.5766,-64.8002,-63.9225,-62.9274,-61.7957,-60.5049,-59.0277,-57.3308,-55.3729,-53.1033,-50.4606,-47.374,-43.7664,-39.5598,-34.6809,-29.0706,-22.7045,-15.6376,-8.08086,-0.525536,6.03233,9.73175
2.11,-69.9433,-69.9845,-70.0079,-69.964,-69.8479,-69.6667,-69.4289,-69.1408,-68.806,-68.4253,-67.997,-67.5174,-66.9808,-66.3797,-65.7047,-64.9445,-64.0857,-63.1126,-62.0066,-60.7457,-59.3036,-57.6483,-55.7399,-53.5295,-50.9576,-47.955,-44.4453,-40.3505,-35.5964,-30.1214,-23.8952,-16.961,-9.51284,-2.02576,4.50865,8.21955
2.115,-69.9888,-70.03,-70.054,-70.0117,-69.8979,-69.7199,-69.486,-69.2026,-68.8733,-68.499,-68.0782,-67.6073,-67.0808,-66.4914,-65.8301,-65.0857,-64.2454,-63.2937,-62.2126,-60.9808,-59.5729,-57.9579,-56.0975,-53.9445,-51.4413,-48.5202,-45.106,-41.1206,-36.4893,-31.1483,-25.0625,-18.2646,-10.9328,-3.52592,2.9717,6.68472
2.12,-70.0336,-70.0748,-70.0996,-70.0587,-69.9473,-69.7724,-69.5423,-69.2635,-68.9396,-68.5715,-68.158,-67.6956,-67.1789,-66.601,-65.9529,-65.224,-64.4016,-63.4707,-62.4139,-61.2105,-59.8358,-58.2599,-56.446,-54.3485,-51.9119,-49.07,-45.7488,-41.8705,-37.3598,-32.1514,-26.206,-19.5473,-12.339,-5.02326,1.42494,5.13101
2.125,-70.0779,-70.1192,-70.1446,-70.1052,-69.9961,-69.8241,-69.5978,-69.3234,-69.0048,-68.6429,-68.2365,-67.7823,-67.2752,-66.7084,-66.0732,-65.3594,-64.5544,-63.6439,-62.6107,-61.4348,-60.0924,-58.5544,-56.7856,-54.742,-52.3698,-49.6048,-46.3742,-42.6006,-38.2084,-33.131,-27.3256,-20.8084,-13.7295,-6.51512,-0.128224,3.56218
2.13,-70.1217,-70.163,-70.1891,-70.1511,-70.0442,-69.8752,-69.6525,-69.3825,-69.069,-68.713,-68.3136,-67.8674,-67.3697,-66.8137,-66.1911,-65.4919,-64.704,-63.8132,-62.803,-61.654,-60.3429,-58.8418,-57.1167,-55.1253,-52.8156,-50.1252,-46.9826,-43.3114,-39.0354,-34.0872,-28.4213,-22.0472,-15.103,-7.99897,-1.68447,1.98197
2.135,-70.1649,-70.2063,-70.233,-70.1965,-70.0917,-69.9256,-69.7064,-69.4407,-69.1322,-68.7821,-68.3894,-67.9511,-67.4624,-66.917,-66.3067,-65.6217,-64.8503,-63.9788,-62.991,-61.8681,-60.5875,-59.1223,-57.4396,-55.4987,-53.2495,-50.6314,-47.5746,-44.0032,-39.8412,-35.0204,-29.493,-23.2631,-16.4579,-9.47243,-3.24056,0.394059
2.14,-70.2076,-70.249,-70.2764,-70.2412,-70.1386,-69.9753,-69.7596,-69.498,-69.1944,-68.85,-68.4639,-68.0332,-67.5534,-67.0183,-66.4199,-65.7488,-64.9936,-64.1408,-63.1748,-62.0773,-60.8263,-59.3959,-57.7544,-55.8625,-53.6719,-51.124,-48.1505,-44.6764,-40.6262,-35.9307,-30.5407,-24.4556,-17.793,-10.9333,-4.79337,-1.19792
2.145,-70.2498,-70.2913,-70.3193,-70.2855,-70.1849,-70.0243,-69.812,-69.5546,-69.2557,-68.9168,-68.5371,-68.1139,-67.6428,-67.1177,-66.5309,-65.8733,-65.1338,-64.2993,-63.3545,-62.2817,-61.0596,-59.663,-58.0614,-56.217,-54.0832,-51.6033,-48.7107,-45.3316,-41.3907,-36.8186,-31.5645,-25.6243,-19.1072,-12.3794,-6.33989,-2.79044
2.15,-70.2915,-70.333,-70.3616,-70.3292,-70.2306,-70.0727,-69.8638,-69.6103,-69.316,-68.9826,-68.6092,-68.1933,-67.7305,-67.2151,-66.6397,-65.9953,-65.2711,-64.4543,-63.5303,-62.4815,-61.2874,-59.9237,-58.3608,-56.5624,-54.4837,-52.0697,-49.2557,-45.9691,-42.1352,-37.6843,-32.5647,-26.7691,-20.3995,-13.809,-7.87728,-4.38008
2.155,-70.3327,-70.3743,-70.4035,-70.3723,-70.2757,-70.1205,-69.9148,-69.6652,-69.3755,-69.0473,-68.6801,-68.2712,-67.8167,-67.3108,-66.7464,-66.1148,-65.4055,-64.606,-63.7021,-62.6767,-61.51,-60.1782,-58.653,-56.8992,-54.8737,-52.5237,-49.7859,-46.5894,-42.86,-38.5281,-33.5413,-27.8898,-21.6692,-15.2202,-9.40286,-5.96355
2.16,-70.3735,-70.4151,-70.4449,-70.415,-70.3203,-70.1676,-69.9651,-69.7193,-69.4341,-69.1111,-68.7498,-68.3478,-67.9013,-67.4047,-66.851,-66.2319,-65.5371,-64.7545,-63.8702,-62.8676,-61.7274,-60.4267,-58.938,-57.2275,-55.2537,-52.9655,-50.3018,-47.1929,-43.5657,-39.3506,-34.4946,-28.9862,-22.9155,-16.6115,-10.9141,-7.53775
2.165,-70.4137,-70.4554,-70.4858,-70.4571,-70.3644,-70.2142,-70.0148,-69.7727,-69.4918,-69.1738,-68.8184,-68.4231,-67.9844,-67.4968,-66.9536,-66.3467,-65.6659,-64.8998,-64.0345,-63.0541,-61.9398,-60.6693,-59.2161,-57.5476,-55.6239,-53.3956,-50.8037,-47.7801,-44.2525,-40.1519,-35.4248,-30.0583,-24.1379,-17.9815,-12.4087,-9.09974
2.17,-70.4535,-70.4953,-70.5262,-70.4988,-70.4079,-70.2602,-70.0638,-69.8253,-69.5487,-69.2356,-68.8858,-68.4972,-68.066,-67.5872,-67.0543,-66.4591,-65.7922,-65.042,-64.1953,-63.2365,-62.1474,-60.9063,-59.4875,-57.8598,-55.9845,-53.8144,-51.292,-48.3513,-44.921,-40.9325,-36.3323,-31.1062,-25.3358,-19.3289,-13.8846,-10.6468
2.175,-70.4928,-70.5347,-70.5662,-70.54,-70.4509,-70.3056,-70.1122,-69.8772,-69.6047,-69.2965,-68.9522,-68.57,-68.1462,-67.676,-67.153,-66.5694,-65.9158,-65.1812,-64.3526,-63.4149,-62.3502,-61.1377,-59.7524,-58.1642,-56.336,-54.2222,-51.7673,-48.9071,-45.5715,-41.6928,-37.2173,-32.13,-26.509,-20.6528,-15.3399,-12.1764
2.18,-70.5317,-70.5737,-70.6057,-70.5806,-70.4933,-70.3504,-70.1599,-69.9284,-69.66,-69.3564,-69.0176,-68.6416,-68.225,-67.7632,-67.2498,-66.6775,-66.0369,-65.3175,-64.5065,-63.5893,-62.5484,-61.3637,-60.011,-58.4612,-56.6786,-54.6193,-52.2298,-49.4478,-46.2046,-42.4332,-38.0802,-33.1298,-27.6573,-21.9522,-16.7728,-13.6863
2.185,-70.5701,-70.6122,-70.6448,-70.6209,-70.5353,-70.3947,-70.207,-69.9789,-69.7145,-69.4155,-69.0819,-68.712,-68.3025,-67.8488,-67.3449,-66.7834,-66.1556,-65.451,-64.6571,-63.7598,-62.7422,-61.5845,-60.2635,-58.7509,-57.0126,-55.0061,-52.68,-49.9738,-46.8206,-43.1541,-38.9212,-34.1058,-28.7804,-23.2264,-18.1819,-15.1744
2.19,-70.6081,-70.6503,-70.6835,-70.6606,-70.5768,-70.4384,-70.2536,-70.0288,-69.7682,-69.4737,-69.1453,-68.7813,-68.3787,-67.9329,-67.4381,-66.8874,-66.2719,-65.5816,-64.8045,-63.9266,-62.9316,-61.8002,-60.51,-59.0336,-57.3382,-55.3829,-53.1183,-50.4857,-47.4199,-43.8558,-39.7408,-35.0582,-29.8784,-24.4749,-19.566,-16.639
2.195,-70.6457,-70.688,-70.7217,-70.6999,-70.6178,-70.4816,-70.2995,-70.0779,-69.8211,-69.531,-69.2076,-68.8495,-68.4535,-68.0155,-67.5297,-66.9893,-66.3859,-65.7096,-64.9487,-64.0898,-63.1167,-62.011,-60.7507,-59.3095,-57.6556,-55.75,-53.5449,-50.9837,-48.0031,-44.5389,-40.5393,-35.9873,-30.9512,-25.6972,-20.924,-18.0785
2.2,-70.6829,-70.7253,-70.7595,-70.7388,-70.6583,-70.5243,-70.3448,-70.1265,-69.8734,-69.5875,-69.2691,-68.9166,-68.5271,-68.0966,-67.6196,-67.0892,-66.4976,-65.8349,-65.0899,-64.2493,-63.2977,-62.2169,-60.9857,-59.5788,-57.9653,-56.1077,-53.9603,-51.4684,-48.5704,-45.2038,-41.3171,-36.8934,-31.9989,-26.893,-22.255,-19.4917
2.205,-70.7197,-70.7622,-70.7969,-70.7773,-70.6983,-70.5664,-70.3896,-70.1744,-69.9249,-69.6432,-69.3295,-68.9826,-68.5995,-68.1763,-67.7078,-67.1873,-66.6071,-65.9577,-65.2281,-64.4055,-63.4747,-62.4182,-61.2153,-59.8416,-58.2673,-56.4564,-54.3648,-51.9401,-49.1224,-45.8508,-42.0746,-37.7767,-33.0217,-28.0621,-23.5585,-20.8775
2.21,-70.756,-70.7986,-70.8338,-70.8153,-70.7379,-70.6081,-70.4339,-70.2216,-69.9757,-69.6981,-69.3891,-69.0475,-68.6707,-68.2547,-67.7944,-67.2836,-66.7145,-66.078,-65.3634,-64.5583,-63.6478,-62.6149,-61.4396,-60.0981,-58.5619,-56.7962,-54.7589,-52.3992,-49.6595,-46.4804,-42.8121,-38.6377,-34.0198,-29.2044,-24.834,-22.235
2.215,-70.792,-70.8347,-70.8704,-70.8529,-70.777,-70.6493,-70.4776,-70.2683,-70.0258,-69.7522,-69.4478,-69.1115,-68.7407,-68.3317,-67.8795,-67.378,-66.8197,-66.1959,-65.4959,-64.7078,-63.817,-62.8072,-61.6587,-60.3486,-58.8493,-57.1275,-55.1427,-52.846,-50.1821,-47.093,-43.5302,-39.4766,-34.9933,-30.32,-26.0812,-23.5637
2.22,-70.8276,-70.8704,-70.9066,-70.8901,-70.8157,-70.69,-70.5207,-70.3144,-70.0752,-69.8055,-69.5057,-69.1745,-68.8096,-68.4074,-67.9631,-67.4706,-66.923,-66.3114,-65.6257,-64.8541,-63.9826,-62.9951,-61.8727,-60.5932,-59.1298,-57.4506,-55.5166,-53.2811,-50.6906,-47.6891,-44.2291,-40.2938,-35.9426,-31.409,-27.2998,-24.8631
2.225,-70.8628,-70.9058,-70.9424,-70.9268,-70.854,-70.7302,-70.5633,-70.3598,-70.124,-69.8581,-69.5626,-69.2365,-68.8774,-68.4818,-68.0451,-67.5616,-67.0242,-66.4245,-65.7528,-64.9973,-64.1445,-63.1789,-62.0819,-60.832,-59.4035,-57.7656,-55.8809,-53.7047,-51.1854,-48.2691,-44.9094,-41.0898,-36.8681,-32.4716,-28.49,-26.1331
2.23,-70.8976,-70.9407,-70.9778,-70.9632,-70.8919,-70.77,-70.6055,-70.4048,-70.1722,-69.91,-69.6188,-69.2976,-68.9441,-68.555,-68.1258,-67.6509,-67.1235,-66.5355,-65.8772,-65.1374,-64.303,-63.3585,-62.2863,-61.0653,-59.6707,-58.0729,-56.236,-54.1171,-51.667,-48.8334,-45.5714,-41.8648,-37.7699,-33.508,-29.6517,-27.3735
2.235,-70.9321,-70.9753,-71.0129,-70.9992,-70.9293,-70.8093,-70.6471,-70.4491,-70.2197,-69.9612,-69.6742,-69.3577,-69.0097,-68.6269,-68.205,-67.7386,-67.221,-66.6443,-65.9991,-65.2746,-64.4579,-63.5342,-62.486,-61.2931,-59.9315,-58.3726,-56.5821,-54.5189,-52.1357,-49.3824,-46.2155,-42.6194,-38.6486,-34.5186,-30.7852,-28.5844
2.24,-70.9662,-71.0096,-71.0476,-71.0349,-70.9663,-70.8482,-70.6882,-70.4929,-70.2666,-70.0117,-69.7287,-69.4169,-69.0743,-68.6977,-68.2829,-67.8247,-67.3166,-66.7509,-66.1186,-65.409,-64.6096,-63.706,-62.6812,-61.5156,-60.1861,-58.665,-56.9194,-54.9101,-52.5919,-49.9165,-46.8423,-43.3538,-39.5044,-35.5035,-31.8907,-29.7659
2.245,-71,-71.0435,-71.0819,-71.0701,-71.0029,-70.8866,-70.7289,-70.5362,-70.313,-70.0615,-69.7825,-69.4753,-69.1379,-68.7673,-68.3595,-67.9092,-67.4104,-66.8555,-66.2357,-65.5405,-64.758,-63.874,-62.872,-61.7331,-60.4347,-58.9503,-57.2484,-55.2913,-53.036,-50.4363,-47.4521,-44.0687,-40.3379,-36.4634,-32.9686,-30.9185
2.25,-71.0334,-71.077,-71.1159,-71.105,-71.0392,-70.9246,-70.7691,-70.579,-70.3587,-70.1106,-69.8356,-69.5328,-69.2005,-68.8358,-68.4347,-67.9923,-67.5025,-66.958,-66.3504,-65.6694,-64.9033,-64.0383,-63.0586,-61.9455,-60.6774,-59.2287,-57.5691,-55.6627,-53.4683,-50.942,-48.0453,-44.7643,-41.1494,-37.3985,-34.0192,-32.0423
2.255,-71.0664,-71.1102,-71.1496,-71.1395,-71.075,-70.9622,-70.8088,-70.6212,-70.4038,-70.1591,-69.8879,-69.5895,-69.2622,-68.9032,-68.5087,-68.0739,-67.5929,-67.0586,-66.4628,-65.7955,-65.0454,-64.1991,-63.241,-62.1531,-60.9145,-59.5004,-57.8819,-56.0246,-53.8893,-51.4341,-48.6224,-45.4411,-41.9393,-38.3092,-35.0431,-33.1378
2.26,-71.0992,-71.1431,-71.1829,-71.1737,-71.1105,-70.9994,-70.848,-70.6629,-70.4484,-70.207,-69.9395,-69.6453,-69.3229,-68.9695,-68.5815,-68.1541,-67.6816,-67.1573,-66.573,-65.9191,-65.1846,-64.3563,-63.4193,-62.3559,-61.146,-59.7657,-58.187,-56.3773,-54.2993,-51.913,-49.1839,-46.0996,-42.7081,-39.1961,-36.0406,-34.2056
2.265,-71.1316,-71.1757,-71.2158,-71.2075,-71.1456,-71.0361,-70.8868,-70.7042,-70.4924,-70.2542,-69.9904,-69.7004,-69.3828,-69.0348,-68.653,-68.2328,-67.7688,-67.2541,-66.681,-66.0402,-65.3208,-64.5102,-63.5937,-62.5542,-61.3722,-60.0246,-58.4846,-56.7211,-54.6985,-52.3792,-49.7301,-46.7401,-43.4563,-40.0596,-37.0122,-35.2459
2.27,-71.1637,-71.2079,-71.2485,-71.241,-71.1803,-71.0725,-70.9252,-70.7449,-70.5359,-70.3008,-70.0406,-69.7547,-69.4417,-69.0991,-68.7234,-68.3103,-67.8543,-67.3491,-66.787,-66.1589,-65.4542,-64.6608,-63.7642,-62.748,-61.5931,-60.2774,-58.775,-57.0563,-55.0875,-52.8329,-50.2615,-47.3633,-44.1842,-40.9002,-37.9585,-36.2595
2.275,-71.1954,-71.2398,-71.2808,-71.2741,-71.2147,-71.1085,-70.9632,-70.7852,-70.5789,-70.3469,-70.0901,-69.8082,-69.4997,-69.1623,-68.7926,-68.3864,-67.9384,-67.4423,-66.8909,-66.2751,-65.5849,-64.8081,-63.931,-62.9374,-61.809,-60.5242,-59.0584,-57.3832,-55.4664,-53.2745,-50.7785,-47.9694,-44.8924,-41.7183,-38.8799,-37.2467
2.28,-71.2269,-71.2714,-71.3128,-71.3069,-71.2487,-71.1441,-71.0007,-70.825,-70.6213,-70.3923,-70.139,-69.861,-69.557,-69.2246,-68.8607,-68.4612,-68.0209,-67.5339,-66.9927,-66.3891,-65.7128,-64.9523,-64.0941,-63.1226,-62.0199,-60.7652,-59.335,-57.7019,-55.8356,-53.7045,-51.2815,-48.5589,-45.5813,-42.5144,-39.7769,-38.2082
2.285,-71.258,-71.3027,-71.3445,-71.3394,-71.2823,-71.1793,-71.0378,-70.8644,-70.6633,-70.4372,-70.1872,-69.913,-69.6133,-69.286,-68.9278,-68.5347,-68.102,-67.6237,-67.0927,-66.5007,-65.8381,-65.0935,-64.2537,-63.3037,-62.226,-61.0007,-59.6049,-58.0127,-56.1954,-54.1232,-51.771,-49.1324,-46.2514,-43.289,-40.65,-39.1443
2.29,-71.2889,-71.3337,-71.3759,-71.3716,-71.3157,-71.2141,-71.0746,-70.9033,-70.7047,-70.4815,-70.2348,-69.9643,-69.6689,-69.3464,-68.9937,-68.6071,-68.1817,-67.7119,-67.1907,-66.6102,-65.9609,-65.2317,-64.4099,-63.4807,-62.4274,-61.2306,-59.8683,-58.3159,-56.5461,-54.531,-52.2473,-49.6902,-46.9031,-44.0425,-41.4998,-40.0558
2.295,-71.3194,-71.3644,-71.407,-71.4034,-71.3486,-71.2486,-71.1109,-70.9417,-70.7457,-70.5253,-70.2818,-70.0149,-69.7237,-69.4059,-69.0586,-68.6782,-68.26,-67.7985,-67.2869,-66.7175,-66.0811,-65.367,-64.5626,-63.6539,-62.6243,-61.4552,-60.1256,-58.6117,-56.8879,-54.9281,-52.7109,-50.2327,-47.5369,-44.7755,-42.3266,-40.9429
2.3,-71.3497,-71.3948,-71.4378,-71.4349,-71.3813,-71.2828,-71.1468,-70.9798,-70.7861,-70.5685,-70.3281,-70.0649,-69.7777,-69.4645,-69.1225,-68.7482,-68.337,-67.8835,-67.3813,-66.8228,-66.1989,-65.4994,-64.7122,-63.8232,-62.8167,-61.6746,-60.3767,-58.9004,-57.2212,-55.3149,-53.162,-50.7605,-48.1533,-45.4884,-43.1311,-41.8063
2.305,-71.3797,-71.425,-71.4683,-71.4662,-71.4136,-71.3165,-71.1824,-71.0174,-70.8261,-70.6112,-70.3739,-70.1142,-69.8309,-69.5222,-69.1855,-68.817,-68.4127,-67.967,-67.4739,-66.926,-66.3144,-65.6292,-64.8585,-63.9888,-63.0048,-61.8891,-60.622,-59.182,-57.5462,-55.6918,-53.6012,-51.2738,-48.7527,-46.1817,-43.9136,-42.6464
2.31,-71.4094,-71.4548,-71.4985,-71.4971,-71.4457,-71.35,-71.2175,-71.0546,-70.8657,-70.6534,-70.4191,-70.1628,-69.8834,-69.5792,-69.2474,-68.8848,-68.487,-68.0491,-67.5649,-67.0272,-66.4276,-65.7562,-65.0017,-64.1508,-63.1888,-62.0986,-60.8615,-59.4569,-57.8631,-56.059,-54.0288,-51.7733,-49.3356,-46.8558,-44.6747,-43.4636
2.315,-71.4388,-71.4844,-71.5284,-71.5277,-71.4774,-71.3831,-71.2523,-71.0914,-70.9047,-70.6951,-70.4638,-70.2108,-69.9352,-69.6352,-69.3084,-68.9514,-68.5602,-68.1297,-67.6541,-67.1265,-66.5385,-65.8807,-65.1419,-64.3093,-63.3686,-62.3033,-61.0954,-59.7252,-58.1722,-56.4169,-54.4451,-52.2592,-49.9024,-47.5112,-45.4148,-44.2585
2.32,-71.4679,-71.5137,-71.5581,-71.5581,-71.5088,-71.4159,-71.2868,-71.1278,-70.9434,-70.7363,-70.5079,-70.2581,-69.9862,-69.6905,-69.3685,-69.017,-68.6321,-68.2089,-67.7418,-67.2239,-66.6473,-66.0026,-65.2791,-64.4644,-63.5444,-62.5034,-61.3239,-59.9871,-58.4737,-56.7656,-54.8505,-52.732,-50.4536,-48.1485,-46.1344,-45.0315
2.325,-71.4968,-71.5427,-71.5875,-71.5882,-71.5399,-71.4483,-71.3208,-71.1638,-70.9816,-70.777,-70.5514,-70.3049,-70.0366,-69.745,-69.4277,-69.0816,-68.7029,-68.2868,-67.8279,-67.3195,-66.7539,-66.122,-65.4135,-64.6161,-63.7164,-62.699,-61.5471,-60.2428,-58.7679,-57.1056,-55.2453,-53.192,-50.9896,-48.7679,-46.8339,-45.7831
2.33,-71.5254,-71.5715,-71.6166,-71.618,-71.5707,-71.4804,-71.3546,-71.1994,-71.0194,-70.8173,-70.5944,-70.351,-70.0863,-69.7988,-69.486,-69.1452,-68.7724,-68.3633,-67.9124,-67.4133,-66.8584,-66.2391,-65.545,-64.7646,-63.8846,-62.8901,-61.7651,-60.4925,-59.0549,-57.4371,-55.6298,-53.6398,-51.5109,-49.3701,-47.5138,-46.5136
2.335,-71.5537,-71.6,-71.6454,-71.6475,-71.6012,-71.5122,-71.388,-71.2347,-71.0567,-70.857,-70.6369,-70.3966,-70.1354,-69.8517,-69.5435,-69.2078,-68.8409,-68.4385,-67.9954,-67.5053,-66.961,-66.3538,-65.6739,-64.91,-64.0491,-63.077,-61.9782,-60.7363,-59.335,-57.7603,-56.0045,-54.0755,-52.0178,-49.9555,-48.1745,-47.2236
2.34,-71.5818,-71.6282,-71.674,-71.6767,-71.6314,-71.5437,-71.421,-71.2695,-71.0937,-70.8964,-70.6789,-70.4416,-70.1837,-69.904,-69.6001,-69.2694,-68.9083,-68.5125,-68.077,-67.5957,-67.0615,-66.4662,-65.8001,-65.0522,-64.21,-63.2598,-62.1864,-60.9744,-59.6084,-58.0755,-56.3695,-54.4997,-52.5109,-50.5244,-48.8166,-47.9134
2.345,-71.6096,-71.6562,-71.7023,-71.7057,-71.6613,-71.5749,-71.4537,-71.304,-71.1303,-70.9352,-70.7204,-70.486,-70.2315,-69.9555,-69.6559,-69.3301,-68.9746,-68.5852,-68.1571,-67.6844,-67.1602,-66.5764,-65.9237,-65.1915,-64.3675,-63.4384,-62.3899,-61.2069,-59.8752,-58.3829,-56.7252,-54.9126,-52.9904,-51.0774,-49.4404,-48.5835
2.35,-71.6372,-71.684,-71.7304,-71.7344,-71.691,-71.6058,-71.4861,-71.3382,-71.1664,-70.9737,-70.7614,-70.5299,-70.2786,-70.0063,-69.711,-69.3899,-69.0398,-68.6567,-68.2359,-67.7715,-67.257,-66.6845,-66.0449,-65.3278,-64.5216,-63.6132,-62.5888,-61.4341,-60.1356,-58.6828,-57.0718,-55.3147,-53.4569,-51.6149,-50.0464,-49.2344
2.355,-71.6646,-71.7115,-71.7582,-71.7628,-71.7204,-71.6364,-71.5182,-71.372,-71.2022,-71.0117,-70.8019,-70.5732,-70.3252,-70.0565,-69.7652,-69.4488,-69.104,-68.7271,-68.3133,-67.8571,-67.352,-66.7904,-66.1635,-65.4613,-64.6723,-63.7841,-62.7832,-61.656,-60.3899,-58.9753,-57.4097,-55.7062,-53.9106,-52.1373,-50.635,-49.8665
2.36,-71.6917,-71.7387,-71.7858,-71.791,-71.7495,-71.6667,-71.55,-71.4054,-71.2376,-71.0492,-70.8419,-70.616,-70.3711,-70.1059,-69.8186,-69.5068,-69.1673,-68.7963,-68.3894,-67.9411,-67.4452,-66.8943,-66.2798,-65.592,-64.8198,-63.9512,-62.9732,-61.8728,-60.6382,-59.2607,-57.739,-56.0874,-54.3521,-52.645,-51.2068,-50.4802
2.365,-71.7185,-71.7658,-71.8132,-71.819,-71.7783,-71.6967,-71.5814,-71.4385,-71.2726,-71.0864,-70.8815,-70.6583,-70.4165,-70.1547,-69.8714,-69.564,-69.2295,-68.8644,-68.4642,-68.0236,-67.5367,-66.9962,-66.3938,-65.72,-64.9642,-64.1147,-63.159,-62.0847,-60.8807,-59.5392,-58.0602,-56.4587,-54.7816,-53.1385,-51.7621,-51.0759
2.37,-71.7452,-71.7926,-71.8403,-71.8467,-71.8069,-71.7265,-71.6126,-71.4713,-71.3072,-71.1231,-70.9206,-70.7001,-70.4613,-70.2029,-69.9234,-69.6203,-69.2908,-68.9314,-68.5377,-68.1047,-67.6265,-67.0961,-66.5055,-65.8454,-65.1056,-64.2746,-63.3406,-62.2917,-61.1174,-59.811,-58.3733,-56.8204,-55.1995,-53.6182,-52.3013,-51.6542
2.375,-71.7716,-71.8191,-71.8671,-71.8741,-71.8352,-71.7559,-71.6434,-71.5038,-71.3415,-71.1595,-70.9593,-70.7414,-70.5055,-70.2504,-69.9746,-69.6758,-69.3512,-68.9973,-68.61,-68.1844,-67.7147,-67.1942,-66.615,-65.9683,-65.2439,-64.4311,-63.5182,-62.494,-61.3487,-60.0763,-58.6786,-57.1728,-55.6061,-54.0845,-52.825,-52.2155
2.38,-71.7977,-71.8455,-71.8938,-71.9013,-71.8633,-71.7851,-71.6739,-71.5359,-71.3754,-71.1955,-70.9976,-70.7822,-70.5492,-70.2974,-70.0252,-69.7306,-69.4107,-69.0622,-68.6812,-68.2627,-67.8013,-67.2904,-66.7224,-66.0886,-65.3794,-64.5842,-63.6919,-62.6917,-61.5746,-60.3352,-58.9764,-57.5161,-56.0019,-54.5377,-53.3336,-52.7602
2.385,-71.8237,-71.8716,-71.9202,-71.9283,-71.8911,-71.814,-71.7042,-71.5677,-71.409,-71.231,-71.0354,-70.8225,-70.5923,-70.3437,-70.0751,-69.7846,-69.4693,-69.1261,-68.7511,-68.3397,-67.8863,-67.3848,-66.8277,-66.2065,-65.5121,-64.734,-63.8617,-62.885,-61.7952,-60.588,-59.2668,-57.8507,-56.3871,-54.9784,-53.8274,-53.2888
2.39,-71.8494,-71.8975,-71.9464,-71.9551,-71.9187,-71.8427,-71.7342,-71.5992,-71.4423,-71.2662,-71.0728,-70.8624,-70.6349,-70.3894,-70.1244,-69.8378,-69.527,-69.189,-68.8199,-68.4153,-67.9699,-67.4774,-66.9309,-66.3221,-65.642,-64.8806,-64.0279,-63.0739,-62.0108,-60.8347,-59.5502,-58.1767,-56.762,-55.4067,-54.3069,-53.8016
2.395,-71.8749,-71.9231,-71.9724,-71.9816,-71.946,-71.8711,-71.7639,-71.6304,-71.4752,-71.3011,-71.1098,-70.9018,-70.677,-70.4346,-70.173,-69.8902,-69.5839,-69.251,-68.8877,-68.4897,-68.0519,-67.5684,-67.0322,-66.4354,-65.7692,-65.0242,-64.1904,-63.2586,-62.2214,-61.0757,-59.8266,-58.4944,-57.1271,-55.8232,-54.7725,-54.2993
2.4,-71.9002,-71.9486,-71.9981,-72.0079,-71.9731,-71.8992,-71.7933,-71.6613,-71.5077,-71.3355,-71.1463,-70.9408,-70.7186,-70.4791,-70.2209,-69.942,-69.64,-69.312,-68.9543,-68.5628,-68.1325,-67.6577,-67.1315,-66.5464,-65.8938,-65.1646,-64.3494,-63.4392,-62.4272,-61.311,-60.0963,-58.8041,-57.4824,-56.2281,-55.2247,-54.7821
2.405,-71.9253,-71.9739,-72.0236,-72.0339,-72,-71.9271,-71.8224,-71.6919,-71.54,-71.3697,-71.1825,-70.9793,-70.7598,-70.5232,-70.2682,-69.993,-69.6953,-69.372,-69.0199,-68.6347,-68.2118,-67.7453,-67.229,-66.6552,-66.0159,-65.3022,-64.5049,-63.6157,-62.6283,-61.5407,-60.3595,-59.1061,-57.8284,-56.6218,-55.6638,-55.2505
2.41,-71.9502,-71.9989,-72.049,-72.0598,-72.0266,-71.9548,-71.8513,-71.7222,-71.5719,-71.4034,-71.2183,-71.0174,-70.8004,-70.5667,-70.3149,-70.0434,-69.7497,-69.4312,-69.0844,-68.7055,-68.2896,-67.8314,-67.3246,-66.7619,-66.1356,-65.4368,-64.6571,-63.7884,-62.8248,-61.7651,-60.6163,-59.4004,-58.1653,-57.0047,-56.0903,-55.705
2.415,-71.9749,-72.0238,-72.0741,-72.0854,-72.053,-71.9822,-71.8799,-71.7522,-71.6035,-71.4368,-71.2537,-71.055,-70.8405,-70.6096,-70.3611,-70.0931,-69.8034,-69.4895,-69.148,-68.775,-68.3661,-67.916,-67.4184,-66.8666,-66.2528,-65.5687,-64.8061,-63.9572,-63.0169,-61.9842,-60.8669,-59.6874,-58.4934,-57.377,-56.5044,-56.1459
2.42,-71.9993,-72.0484,-72.099,-72.1108,-72.0792,-72.0094,-71.9083,-71.782,-71.6348,-71.4699,-71.2888,-71.0922,-70.8802,-70.6521,-70.4066,-70.1421,-69.8564,-69.547,-69.2106,-68.8435,-68.4414,-67.999,-67.5105,-66.9692,-66.3676,-65.6978,-64.9518,-64.1224,-63.2047,-62.1983,-61.1115,-59.9672,-58.8129,-57.7391,-56.9066,-56.5738
2.425,-72.0236,-72.0728,-72.1237,-72.1361,-72.1051,-72.0363,-71.9364,-71.8114,-71.6659,-71.5026,-71.3235,-71.1291,-70.9195,-70.694,-70.4515,-70.1904,-69.9086,-69.6036,-69.2722,-68.9109,-68.5153,-68.0806,-67.6009,-67.0699,-66.4802,-65.8243,-65.0945,-64.2839,-63.3882,-62.4074,-61.3503,-60.24,-59.1242,-58.0913,-57.2972,-56.9888
2.43,-72.0477,-72.0971,-72.1482,-72.1611,-72.1309,-72.063,-71.9642,-71.8406,-71.6966,-71.535,-71.3578,-71.1655,-70.9583,-70.7354,-70.4959,-70.2382,-69.9601,-69.6594,-69.3329,-68.9771,-68.5881,-68.1608,-67.6897,-67.1686,-66.5906,-65.9482,-65.2341,-64.442,-63.5676,-62.6117,-61.5834,-60.5061,-59.4273,-58.4339,-57.6767,-57.3916
2.435,-72.0716,-72.1211,-72.1725,-72.1859,-72.1564,-72.0894,-71.9918,-71.8695,-71.727,-71.5671,-71.3917,-71.2015,-70.9966,-70.7764,-70.5398,-70.2853,-70.0109,-69.7143,-69.3926,-69.0424,-68.6596,-68.2395,-67.7769,-67.2655,-66.6988,-66.0696,-65.3708,-64.5966,-63.743,-62.8113,-61.8109,-60.7656,-59.7226,-58.7672,-58.0452,-57.7824
2.44,-72.0953,-72.145,-72.1966,-72.2104,-72.1817,-72.1157,-72.0192,-71.8982,-71.7571,-71.5989,-71.4253,-71.2372,-71.0345,-70.8168,-70.5831,-70.3318,-70.0611,-69.7686,-69.4515,-69.1066,-68.7299,-68.3169,-67.8625,-67.3606,-66.8049,-66.1885,-65.5047,-64.7478,-63.9145,-63.0063,-62.0331,-61.0188,-60.0103,-59.0914,-58.4033,-58.1616
2.445,-72.1188,-72.1687,-72.2206,-72.2348,-72.2068,-72.1417,-72.0463,-71.9266,-71.7869,-71.6304,-71.4586,-71.2725,-71.072,-70.8568,-70.6259,-70.3777,-70.1105,-69.822,-69.5095,-69.1698,-68.7991,-68.393,-67.9465,-67.4539,-66.9089,-66.305,-65.6358,-64.8958,-64.0823,-63.1969,-62.25,-61.2657,-60.2906,-59.4068,-58.7511,-58.5296
2.45,-72.1421,-72.1921,-72.2443,-72.2591,-72.2317,-72.1675,-72.0732,-71.9547,-71.8165,-71.6615,-71.4915,-71.3074,-71.1091,-70.8964,-70.6681,-70.423,-70.1593,-69.8747,-69.5667,-69.2321,-68.8672,-68.4679,-68.0291,-67.5455,-67.0109,-66.4192,-65.7641,-65.0407,-64.2463,-63.3831,-62.4618,-61.5065,-60.5636,-59.7136,-59.089,-58.8868
2.455,-72.1653,-72.2154,-72.2679,-72.2831,-72.2564,-72.1931,-72.0998,-71.9826,-71.8458,-71.6924,-71.5241,-71.3419,-71.1458,-70.9354,-70.7099,-70.4678,-70.2074,-69.9267,-69.623,-69.2934,-68.9342,-68.5414,-68.1102,-67.6354,-67.111,-66.5311,-65.8899,-65.1825,-64.4067,-63.5651,-62.6686,-61.7415,-60.8297,-60.0122,-59.4173,-59.2334
2.46,-72.1882,-72.2386,-72.2912,-72.3069,-72.2809,-72.2184,-72.1262,-72.0102,-71.8748,-71.7229,-71.5564,-71.3761,-71.1821,-70.9741,-70.7511,-70.512,-70.255,-69.978,-69.6786,-69.3538,-69.0002,-68.6138,-68.19,-67.7236,-67.2092,-66.6409,-66.013,-65.3212,-64.5636,-63.743,-62.8705,-61.9707,-61.089,-60.3028,-59.7363,-59.5698
2.465,-72.211,-72.2615,-72.3144,-72.3305,-72.3052,-72.2436,-72.1524,-72.0376,-71.9036,-71.7532,-71.5883,-71.4099,-71.218,-71.0123,-70.7919,-70.5556,-70.3019,-70.0285,-69.7333,-69.4133,-69.0651,-68.6849,-68.2683,-67.8103,-67.3055,-66.7484,-66.1337,-65.4571,-64.7171,-63.9168,-63.0677,-62.1943,-61.3416,-60.5856,-60.0463,-59.8963
2.47,-72.2336,-72.2843,-72.3374,-72.354,-72.3293,-72.2685,-72.1784,-72.0648,-71.9321,-71.7832,-71.62,-71.4434,-71.2535,-71.0501,-70.8322,-70.5988,-70.3482,-70.0784,-69.7873,-69.4718,-69.129,-68.7549,-68.3453,-67.8954,-67.4001,-66.8539,-66.2518,-65.59,-64.8672,-64.0868,-63.2604,-62.4125,-61.5879,-60.8607,-60.3476,-60.2133
2.475,-72.2561,-72.3069,-72.3603,-72.3772,-72.3532,-72.2933,-72.2042,-72.0917,-71.9603,-71.8129,-71.6513,-71.4765,-71.2886,-71.0874,-70.872,-70.6414,-70.3939,-70.1277,-69.8405,-69.5296,-69.1919,-68.8237,-68.421,-67.979,-67.4929,-66.9573,-66.3677,-65.7203,-65.0141,-64.2529,-63.4485,-62.6255,-61.8279,-61.1285,-60.6403,-60.521
2.48,-72.2783,-72.3293,-72.3829,-72.4003,-72.3769,-72.3178,-72.2297,-72.1184,-71.9883,-71.8423,-71.6823,-71.5093,-71.3234,-71.1244,-70.9114,-70.6835,-70.439,-70.1762,-69.8929,-69.5865,-69.2538,-68.8915,-68.4954,-68.0612,-67.5839,-67.0588,-66.4812,-65.8478,-65.1578,-64.4154,-63.6323,-62.8332,-62.0618,-61.3892,-60.9249,-60.8198
2.485,-72.3004,-72.3516,-72.4054,-72.4232,-72.4005,-72.3422,-72.255,-72.1448,-72.016,-71.8715,-71.7131,-71.5418,-71.3578,-71.1609,-70.9503,-70.7251,-70.4836,-70.2242,-69.9447,-69.6425,-69.3148,-68.9581,-68.5686,-68.1419,-67.6733,-67.1583,-66.5924,-65.9726,-65.2985,-64.5742,-63.8119,-63.036,-62.2898,-61.6429,-61.2014,-61.1098
2.49,-72.3223,-72.3737,-72.4277,-72.446,-72.4238,-72.3663,-72.2801,-72.1711,-72.0435,-71.9003,-71.7435,-71.5739,-71.3918,-71.197,-70.9888,-70.7662,-70.5276,-70.2715,-69.9957,-69.6978,-69.3749,-69.0237,-68.6405,-68.2211,-67.7611,-67.2559,-66.7015,-66.095,-65.4361,-64.7295,-63.9873,-63.2339,-62.512,-61.8899,-61.4703,-61.3915
2.495,-72.3441,-72.3956,-72.4499,-72.4685,-72.447,-72.3903,-72.305,-72.1971,-72.0707,-71.929,-71.7737,-71.6057,-71.4255,-71.2328,-71.0269,-70.8068,-70.5711,-70.3182,-70.046,-69.7523,-69.4341,-69.0883,-68.7113,-68.2991,-67.8473,-67.3517,-66.8084,-66.2148,-65.5709,-64.8814,-64.1587,-63.4271,-62.7286,-62.1304,-61.7316,-61.665
2.5,-72.3657,-72.4173,-72.4719,-72.4909,-72.47,-72.414,-72.3297,-72.2229,-72.0977,-71.9573,-71.8035,-71.6373,-71.4589,-71.2682,-71.0645,-70.8469,-70.614,-70.3643,-70.0957,-69.806,-69.4924,-69.1519,-68.7809,-68.3756,-67.9319,-67.4457,-66.9132,-66.3321,-65.7028,-65.0299,-64.3261,-63.6156,-62.9399,-62.3645,-61.9857,-61.9306
2.505,-72.3872,-72.4389,-72.4937,-72.5131,-72.4928,-72.4376,-72.3542,-72.2484,-72.1245,-71.9854,-71.8331,-71.6685,-71.4919,-71.3032,-71.1017,-70.8866,-70.6565,-70.4098,-70.1447,-69.8589,-69.5498,-69.2145,-68.8494,-68.4509,-68.0151,-67.5379,-67.016,-66.4472,-65.8319,-65.1752,-64.4898,-63.7996,-63.1458,-62.5924,-62.2327,-62.1886
2.51,-72.4085,-72.4604,-72.5153,-72.5352,-72.5154,-72.461,-72.3785,-72.2738,-72.151,-72.0133,-71.8624,-71.6994,-71.5246,-71.3378,-71.1385,-70.9258,-70.6984,-70.4548,-70.1931,-69.9111,-69.6065,-69.2761,-68.9168,-68.525,-68.0968,-67.6284,-67.1168,-66.5598,-65.9583,-65.3174,-64.6497,-63.9793,-63.3466,-62.8143,-62.4729,-62.4392
2.515,-72.4296,-72.4817,-72.5368,-72.5571,-72.5379,-72.4842,-72.4026,-72.2989,-72.1773,-72.0409,-71.8914,-71.73,-71.5569,-71.3721,-71.1749,-70.9646,-70.7398,-70.4991,-70.2408,-69.9627,-69.6623,-69.3368,-68.9831,-68.5977,-68.177,-67.7173,-67.2157,-66.6703,-66.0821,-65.4564,-64.806,-64.1547,-63.5424,-63.0304,-62.7065,-62.6827
2.52,-72.4506,-72.5028,-72.5582,-72.5788,-72.5602,-72.5072,-72.4266,-72.3239,-72.2034,-72.0682,-71.9202,-71.7603,-71.589,-71.406,-71.2109,-71.0029,-70.7807,-70.543,-70.2879,-70.0135,-69.7173,-69.3966,-69.0484,-68.6693,-68.2559,-67.8046,-67.3127,-66.7785,-66.2033,-65.5924,-64.9587,-64.3259,-63.7333,-63.2408,-62.9336,-62.9192
2.525,-72.4714,-72.5238,-72.5794,-72.6004,-72.5823,-72.5301,-72.4503,-72.3486,-72.2293,-72.0954,-71.9487,-71.7903,-71.6207,-71.4396,-71.2466,-71.0408,-70.8212,-70.5863,-70.3344,-70.0636,-69.7715,-69.4555,-69.1127,-68.7397,-68.3334,-67.8903,-67.4078,-66.8847,-66.322,-65.7255,-65.1081,-64.4932,-63.9195,-63.4458,-63.1546,-63.149
2.53,-72.4921,-72.5446,-72.6004,-72.6218,-72.6043,-72.5528,-72.4738,-72.3731,-72.2549,-72.1222,-71.977,-71.8201,-71.6521,-71.4728,-71.2818,-71.0783,-70.8612,-70.629,-70.3803,-70.113,-69.8249,-69.5135,-69.1759,-68.809,-68.4095,-67.9745,-67.5012,-66.9887,-66.4383,-65.8558,-65.2541,-64.6564,-64.1011,-63.6454,-63.3695,-63.3723
2.535,-72.5126,-72.5653,-72.6213,-72.643,-72.6261,-72.5753,-72.4972,-72.3974,-72.2803,-72.1489,-72.0049,-71.8496,-71.6832,-71.5057,-71.3167,-71.1154,-70.9007,-70.6713,-70.4256,-70.1618,-69.8777,-69.5707,-69.2382,-68.8771,-68.4844,-68.0571,-67.5929,-67.0907,-66.5522,-65.9833,-65.3968,-64.8159,-64.2782,-63.8399,-63.5785,-63.5894
2.54,-72.533,-72.5859,-72.642,-72.6641,-72.6477,-72.5976,-72.5203,-72.4216,-72.3056,-72.1753,-72.0327,-71.8788,-71.714,-71.5383,-71.3512,-71.152,-70.9398,-70.7131,-70.4704,-70.21,-69.9296,-69.6271,-69.2995,-68.9442,-68.5581,-68.1383,-67.6828,-67.1908,-66.6638,-66.1081,-65.5364,-64.9717,-64.451,-64.0294,-63.7819,-63.8004
2.545,-72.5532,-72.6062,-72.6626,-72.6851,-72.6692,-72.6198,-72.5433,-72.4455,-72.3306,-72.2015,-72.0602,-71.9077,-71.7445,-71.5705,-71.3854,-71.1883,-70.9784,-70.7543,-70.5146,-70.2575,-69.9809,-69.6826,-69.3599,-69.0102,-68.6305,-68.2181,-67.7711,-67.2889,-66.7732,-66.2302,-65.6729,-65.1239,-64.6196,-64.2139,-63.9799,-64.0054
2.55,-72.5733,-72.6265,-72.6831,-72.7059,-72.6905,-72.6418,-72.5661,-72.4693,-72.3554,-72.2275,-72.0874,-71.9364,-71.7747,-71.6024,-71.4192,-71.2242,-71.0166,-70.7951,-70.5583,-70.3044,-70.0315,-69.7374,-69.4195,-69.0751,-68.7017,-68.2965,-67.8578,-67.3851,-66.8804,-66.3498,-65.8064,-65.2725,-64.7841,-64.3938,-64.1725,-64.2048
2.555,-72.5933,-72.6466,-72.7034,-72.7265,-72.7116,-72.6636,-72.5888,-72.4928,-72.38,-72.2532,-72.1144,-71.9648,-71.8046,-71.634,-71.4526,-71.2597,-71.0543,-70.8354,-70.6014,-70.3507,-70.0814,-69.7913,-69.4781,-69.1391,-68.7717,-68.3736,-67.943,-67.4795,-66.9854,-66.4669,-65.9369,-65.4177,-64.9446,-64.5691,-64.3599,-64.3987
2.56,-72.6131,-72.6666,-72.7235,-72.747,-72.7327,-72.6853,-72.6113,-72.5162,-72.4044,-72.2787,-72.1412,-71.9929,-71.8343,-71.6653,-71.4857,-71.2948,-71.0917,-70.8752,-70.644,-70.3964,-70.1306,-69.8445,-69.5358,-69.202,-68.8406,-68.4493,-68.0266,-67.5722,-67.0884,-66.5816,-66.0647,-65.5596,-65.1012,-64.7399,-64.5424,-64.5873
2.565,-72.6328,-72.6864,-72.7436,-72.7674,-72.7535,-72.7068,-72.6335,-72.5394,-72.4286,-72.3041,-72.1678,-72.0208,-71.8636,-71.6963,-71.5185,-71.3296,-71.1286,-70.9146,-70.6861,-70.4415,-70.1792,-69.897,-69.5927,-69.264,-68.9084,-68.5238,-68.1087,-67.6631,-67.1893,-66.6939,-66.1896,-65.6983,-65.2541,-64.9064,-64.7201,-64.7707
2.57,-72.6524,-72.7061,-72.7634,-72.7876,-72.7742,-72.7281,-72.6557,-72.5624,-72.4526,-72.3292,-72.1941,-72.0485,-71.8927,-71.727,-71.5509,-71.3639,-71.1651,-70.9535,-70.7276,-70.4861,-70.2271,-69.9488,-69.6488,-69.325,-68.9751,-68.597,-68.1894,-67.7523,-67.2883,-66.804,-66.3119,-65.8338,-65.4034,-65.0687,-64.8931,-64.9491
2.575,-72.6718,-72.7257,-72.7832,-72.8077,-72.7948,-72.7493,-72.6776,-72.5852,-72.4764,-72.3541,-72.2202,-72.0759,-71.9216,-71.7574,-71.5831,-71.398,-71.2013,-70.992,-70.7687,-70.5301,-70.2745,-69.9998,-69.7041,-69.3851,-69.0407,-68.6689,-68.2686,-67.8399,-67.3854,-66.9117,-66.4316,-65.9663,-65.5491,-65.227,-65.0615,-65.1227
2.58,-72.6911,-72.7451,-72.8028,-72.8276,-72.8152,-72.7704,-72.6994,-72.6079,-72.5,-72.3788,-72.2461,-72.103,-71.9501,-71.7875,-71.6149,-71.4316,-71.237,-71.03,-70.8093,-70.5736,-70.3212,-70.0502,-69.7586,-69.4444,-69.1053,-68.7397,-68.3465,-67.9259,-67.4806,-67.0173,-66.5487,-66.0958,-65.6913,-65.3814,-65.2256,-65.2917
2.585,-72.7102,-72.7644,-72.8223,-72.8474,-72.8355,-72.7913,-72.7211,-72.6304,-72.5235,-72.4033,-72.2717,-72.1299,-71.9785,-71.8174,-71.6464,-71.465,-71.2724,-71.0676,-70.8495,-70.6166,-70.3673,-70.0999,-69.8123,-69.5027,-69.1689,-68.8094,-68.423,-68.0103,-67.574,-67.1208,-66.6633,-66.2224,-65.8302,-65.5319,-65.3854,-65.4561
2.59,-72.7292,-72.7836,-72.8416,-72.8671,-72.8556,-72.812,-72.7425,-72.6527,-72.5467,-72.4276,-72.2972,-72.1566,-72.0065,-71.8469,-71.6776,-71.498,-71.3074,-71.1048,-70.8891,-70.659,-70.4128,-70.1489,-69.8653,-69.5602,-69.2316,-68.8779,-68.4982,-68.0932,-67.6656,-67.2222,-66.7755,-66.3463,-65.9659,-65.6787,-65.5411,-65.6162
2.595,-72.7481,-72.8026,-72.8608,-72.8866,-72.8756,-72.8326,-72.7638,-72.6748,-72.5698,-72.4517,-72.3224,-72.1831,-72.0343,-71.8762,-71.7085,-71.5306,-71.342,-71.1416,-70.9284,-70.7009,-70.4578,-70.1973,-69.9176,-69.6168,-69.2932,-68.9453,-68.5722,-68.1746,-67.7555,-67.3216,-66.8854,-66.4674,-66.0985,-65.822,-65.6929,-65.7721
2.6,-72.7669,-72.8215,-72.8799,-72.906,-72.8955,-72.8531,-72.785,-72.6968,-72.5927,-72.4756,-72.3474,-72.2093,-72.0619,-71.9052,-71.7391,-71.563,-71.3763,-71.178,-70.9671,-70.7423,-70.5022,-70.245,-69.9691,-69.6726,-69.3539,-69.0116,-68.6449,-68.2546,-67.8437,-67.4191,-66.993,-66.5858,-66.2279,-65.9618,-65.8408,-65.9239
2.605,-72.7855,-72.8403,-72.8989,-72.9252,-72.9152,-72.8733,-72.806,-72.7186,-72.6154,-72.4993,-72.3722,-72.2353,-72.0892,-71.9339,-71.7694,-71.595,-71.4102,-71.214,-71.0055,-70.7833,-70.546,-70.2921,-70.0199,-69.7277,-69.4137,-69.0768,-68.7164,-68.3331,-67.9303,-67.5146,-67.0984,-66.7017,-66.3544,-66.0982,-65.9849,-66.0718
2.61,-72.8041,-72.859,-72.9177,-72.9444,-72.9348,-72.8935,-72.8269,-72.7403,-72.638,-72.5228,-72.3968,-72.2611,-72.1162,-71.9624,-71.7994,-71.6267,-71.4437,-71.2496,-71.0434,-70.8237,-70.5893,-70.3386,-70.07,-69.7819,-69.4726,-69.1411,-68.7867,-68.4103,-68.0153,-67.6083,-67.2017,-66.8151,-66.4781,-66.2313,-66.1255,-66.2159
2.615,-72.8225,-72.8775,-72.9364,-72.9634,-72.9542,-72.9135,-72.8476,-72.7618,-72.6603,-72.5462,-72.4212,-72.2867,-72.1431,-71.9906,-71.8291,-71.6581,-71.477,-71.2849,-71.0809,-70.8637,-70.6321,-70.3845,-70.1195,-69.8354,-69.5307,-69.2043,-68.8558,-68.4862,-68.0987,-67.7002,-67.3028,-66.926,-66.5989,-66.3613,-66.2626,-66.3563
2.62,-72.8408,-72.8959,-72.955,-72.9823,-72.9735,-72.9334,-72.8681,-72.7831,-72.6825,-72.5693,-72.4454,-72.312,-72.1697,-72.0186,-71.8586,-71.6892,-71.5099,-71.3198,-71.1179,-70.9032,-70.6743,-70.4299,-70.1683,-69.8881,-69.5879,-69.2665,-68.9238,-68.5608,-68.1807,-67.7904,-67.4019,-67.0346,-66.7171,-66.4883,-66.3963,-66.4931
2.625,-72.8589,-72.9142,-72.9734,-73.001,-72.9927,-72.9531,-72.8885,-72.8043,-72.7046,-72.5923,-72.4695,-72.3372,-72.1961,-72.0463,-71.8877,-71.72,-71.5424,-71.3543,-71.1546,-70.9423,-70.7161,-70.4746,-70.2165,-69.9401,-69.6442,-69.3278,-68.9907,-68.634,-68.2611,-67.8788,-67.499,-67.1409,-66.8326,-66.6122,-66.5268,-66.6265
2.63,-72.877,-72.9324,-72.9918,-73.0196,-73.0117,-72.9727,-72.9088,-72.8253,-72.7264,-72.6151,-72.4933,-72.3621,-72.2222,-72.0738,-71.9166,-71.7505,-71.5746,-71.3884,-71.1909,-70.9809,-70.7573,-70.5188,-70.264,-69.9914,-69.6998,-69.3882,-69.0566,-68.7061,-68.3401,-67.9655,-67.5942,-67.245,-66.9455,-66.7333,-66.6541,-66.7565
2.635,-72.8949,-72.9505,-73.01,-73.0381,-73.0307,-72.9922,-72.9289,-72.8462,-72.7482,-72.6378,-72.5169,-72.3868,-72.2481,-72.101,-71.9453,-71.7807,-71.6066,-71.4222,-71.2267,-71.0191,-70.7981,-70.5625,-70.3109,-70.042,-69.7545,-69.4477,-69.1214,-68.7769,-68.4177,-68.0507,-67.6875,-67.3469,-67.056,-66.8516,-66.7783,-66.8834
2.64,-72.9127,-72.9684,-73.0281,-73.0565,-73.0495,-73.0116,-72.9489,-72.8669,-72.7697,-72.6602,-72.5404,-72.4114,-72.2738,-72.128,-71.9737,-71.8106,-71.6382,-71.4557,-71.2622,-71.0569,-70.8384,-70.6056,-70.3572,-70.0919,-69.8085,-69.5062,-69.1852,-68.8466,-68.494,-68.1342,-67.779,-67.4467,-67.1641,-66.9672,-66.8996,-67.0072
2.645,-72.9304,-72.9863,-73.0461,-73.0748,-73.0681,-73.0308,-72.9687,-72.8875,-72.7911,-72.6825,-72.5636,-72.4357,-72.2993,-72.1547,-72.0018,-71.8402,-71.6694,-71.4888,-71.2973,-71.0942,-70.8782,-70.6482,-70.403,-70.1411,-69.8617,-69.5639,-69.2479,-68.9151,-68.5689,-68.2163,-67.8687,-67.5444,-67.2698,-67.0802,-67.018,-67.1279
2.65,-72.948,-73.004,-73.064,-73.0929,-73.0867,-73.0498,-72.9884,-72.9079,-72.8123,-72.7046,-72.5867,-72.4598,-72.3246,-72.1813,-72.0297,-71.8696,-71.7004,-71.5215,-71.3321,-71.1311,-70.9176,-70.6903,-70.4481,-70.1897,-69.9141,-69.6208,-69.3098,-68.9825,-68.6426,-68.2968,-67.9567,-67.6402,-67.3733,-67.1906,-67.1336,-67.2458
2.655,-72.9655,-73.0216,-73.0818,-73.111,-73.1051,-73.0688,-73.008,-72.9282,-72.8334,-72.7266,-72.6096,-72.4838,-72.3497,-72.2076,-72.0573,-71.8987,-71.7311,-71.554,-71.3665,-71.1677,-70.9565,-70.7319,-70.4927,-70.2377,-69.9659,-69.6768,-69.3706,-69.0488,-68.715,-68.3759,-68.043,-67.7341,-67.4746,-67.2986,-67.2466,-67.3608
2.66,-72.9829,-73.0391,-73.0994,-73.1289,-73.1234,-73.0876,-73.0275,-72.9483,-72.8543,-72.7483,-72.6324,-72.5075,-72.3745,-72.2336,-72.0847,-71.9275,-71.7615,-71.5861,-71.4005,-71.2038,-70.995,-70.773,-70.5367,-70.285,-70.0169,-69.732,-69.4305,-69.114,-68.7861,-68.4536,-68.1277,-67.826,-67.5738,-67.4042,-67.357,-67.4731
2.665,-73.0001,-73.0565,-73.117,-73.1467,-73.1416,-73.1063,-73.0468,-72.9683,-72.8751,-72.77,-72.6549,-72.5311,-72.3992,-72.2595,-72.1119,-71.9561,-71.7916,-71.6179,-71.4342,-71.2396,-71.0331,-70.8136,-70.5802,-70.3317,-70.0672,-69.7864,-69.4896,-69.1782,-68.8561,-68.5299,-68.2108,-67.9162,-67.6709,-67.5075,-67.4648,-67.5829
2.67,-73.0173,-73.0738,-73.1344,-73.1644,-73.1597,-73.1249,-73.0659,-72.9882,-72.8957,-72.7914,-72.6773,-72.5545,-72.4237,-72.2851,-72.1388,-71.9844,-71.8214,-71.6494,-71.4675,-71.2749,-71.0707,-70.8538,-70.6231,-70.3778,-70.1169,-69.8401,-69.5477,-69.2414,-68.9249,-68.6048,-68.2923,-68.0046,-67.766,-67.6085,-67.5703,-67.69
2.675,-73.0343,-73.091,-73.1517,-73.182,-73.1777,-73.1433,-73.085,-73.0079,-72.9162,-72.8127,-72.6995,-72.5777,-72.4479,-72.3105,-72.1654,-72.0124,-71.851,-71.6806,-71.5005,-71.3099,-71.1079,-70.8935,-70.6656,-70.4233,-70.1659,-69.893,-69.605,-69.3036,-68.9925,-68.6784,-68.3724,-68.0913,-67.8591,-67.7074,-67.6734,-67.7948
2.68,-73.0513,-73.108,-73.1689,-73.1994,-73.1955,-73.1617,-73.1039,-73.0275,-72.9365,-72.8339,-72.7215,-72.6007,-72.472,-72.3357,-72.1919,-72.0402,-71.8802,-71.7115,-71.5332,-71.3446,-71.1447,-70.9327,-70.7075,-70.4682,-70.2142,-69.9451,-69.6615,-69.3649,-69.0591,-68.7508,-68.451,-68.1763,-67.9504,-67.8042,-67.7742,-67.8971
2.685,-73.0681,-73.125,-73.186,-73.2168,-73.2132,-73.1799,-73.1227,-73.0469,-72.9567,-72.8549,-72.7434,-72.6235,-72.4959,-72.3607,-72.2181,-72.0677,-71.9092,-71.7421,-71.5655,-71.3788,-71.1811,-70.9715,-70.7489,-70.5126,-70.2619,-69.9966,-69.7171,-69.4252,-69.1246,-68.8219,-68.5281,-68.2596,-68.0398,-67.899,-67.8728,-67.9972
2.69,-73.0848,-73.1419,-73.203,-73.234,-73.2308,-73.1979,-73.1413,-73.0662,-72.9767,-72.8757,-72.7651,-72.6462,-72.5195,-72.3855,-72.2441,-72.095,-71.938,-71.7724,-71.5975,-71.4127,-71.2171,-71.0098,-70.7898,-70.5565,-70.309,-70.0473,-69.7719,-69.4845,-69.189,-68.8918,-68.6039,-68.3414,-68.1274,-67.9918,-67.9692,-68.095
2.695,-73.1015,-73.1586,-73.2199,-73.2512,-73.2483,-73.2159,-73.1599,-73.0854,-72.9967,-72.8964,-72.7867,-72.6687,-72.543,-72.4101,-72.2699,-72.1221,-71.9665,-71.8024,-71.6292,-71.4463,-71.2527,-71.0477,-70.8303,-70.5998,-70.3555,-70.0974,-69.8259,-69.543,-69.2524,-68.9606,-68.6783,-68.4217,-68.2134,-68.0826,-68.0636,-68.1907
2.7,-73.118,-73.1753,-73.2367,-73.2682,-73.2657,-73.2338,-73.1783,-73.1045,-73.0164,-72.917,-72.8081,-72.691,-72.5663,-72.4345,-72.2954,-72.1489,-71.9947,-71.8321,-71.6606,-71.4795,-71.288,-71.0852,-70.8703,-70.6425,-70.4014,-70.1467,-69.8792,-69.6006,-69.3148,-69.0282,-68.7515,-68.5005,-68.2976,-68.1716,-68.1561,-68.2843
2.705,-73.1345,-73.1918,-73.2534,-73.2851,-73.283,-73.2515,-73.1966,-73.1234,-73.036,-72.9374,-72.8293,-72.7131,-72.5895,-72.4587,-72.3208,-72.1755,-72.0226,-71.8615,-71.6917,-71.5124,-71.3228,-71.1222,-70.9098,-70.6848,-70.4467,-70.1954,-69.9317,-69.6573,-69.3762,-69.0947,-68.8233,-68.5778,-68.3802,-68.2589,-68.2465,-68.3759
2.71,-73.1508,-73.2083,-73.27,-73.302,-73.3002,-73.2692,-73.2148,-73.1422,-73.0555,-72.9576,-72.8504,-72.7351,-72.6124,-72.4827,-72.3459,-72.2019,-72.0503,-71.8907,-71.7225,-71.545,-71.3574,-71.1589,-70.9489,-70.7265,-70.4914,-70.2435,-69.9835,-69.7133,-69.4366,-69.16,-68.8939,-68.6538,-68.4613,-68.3443,-68.3351,-68.4656
2.715,-73.167,-73.2247,-73.2865,-73.3187,-73.3173,-73.2867,-73.2328,-73.1609,-73.0749,-72.9777,-72.8713,-72.7569,-72.6352,-72.5065,-72.3708,-72.228,-72.0778,-71.9196,-71.753,-71.5772,-71.3915,-71.1952,-70.9875,-70.7678,-70.5356,-70.2909,-70.0345,-69.7684,-69.4961,-69.2244,-68.9633,-68.7283,-68.5408,-68.4281,-68.4219,-68.5533
2.72,-73.1832,-73.2409,-73.3029,-73.3353,-73.3342,-73.3041,-73.2508,-73.1794,-73.0941,-72.9977,-72.8921,-72.7785,-72.6578,-72.5301,-72.3955,-72.254,-72.105,-71.9483,-71.7832,-71.6091,-71.4253,-71.2311,-71.0257,-70.8085,-70.5792,-70.3377,-70.0849,-69.8227,-69.5548,-69.2877,-69.0315,-68.8015,-68.6188,-68.5103,-68.5069,-68.6393
2.725,-73.1992,-73.2571,-73.3192,-73.3518,-73.3511,-73.3214,-73.2686,-73.1979,-73.1132,-73.0175,-72.9127,-72.8,-72.6802,-72.5535,-72.4201,-72.2796,-72.132,-71.9767,-71.8131,-71.6407,-71.4587,-71.2666,-71.0634,-70.8488,-70.6223,-70.3839,-70.1346,-69.8762,-69.6125,-69.3499,-69.0986,-68.8735,-68.6953,-68.5908,-68.5902,-68.7235
2.73,-73.2152,-73.2732,-73.3354,-73.3683,-73.3678,-73.3386,-73.2863,-73.2162,-73.1322,-73.0372,-72.9332,-72.8214,-72.7024,-72.5768,-72.4444,-72.3051,-72.1588,-72.0048,-71.8427,-71.672,-71.4919,-71.3017,-71.1008,-70.8886,-70.6648,-70.4296,-70.1836,-69.9289,-69.6694,-69.4112,-69.1646,-68.9441,-68.7705,-68.6698,-68.6719,-68.8059
2.735,-73.2311,-73.2892,-73.3515,-73.3846,-73.3845,-73.3557,-73.3039,-73.2344,-73.151,-73.0568,-72.9535,-72.8425,-72.7245,-72.5998,-72.4685,-72.3304,-72.1853,-72.0327,-71.8721,-71.703,-71.5246,-71.3364,-71.1377,-70.928,-70.7069,-70.4746,-70.2319,-69.981,-69.7254,-69.4716,-69.2294,-69.0136,-68.8443,-68.7473,-68.7519,-68.8867
2.74,-73.2468,-73.3051,-73.3675,-73.4008,-73.4011,-73.3726,-73.3214,-73.2524,-73.1697,-73.0762,-72.9737,-72.8636,-72.7464,-72.6227,-72.4924,-72.3555,-72.2116,-72.0603,-71.9012,-71.7337,-71.5571,-71.3708,-71.1742,-70.9669,-70.7484,-70.5191,-70.2797,-70.0323,-69.7806,-69.531,-69.2932,-69.0818,-68.9168,-68.8234,-68.8304,-68.966
2.745,-73.2625,-73.3209,-73.3834,-73.4169,-73.4175,-73.3895,-73.3388,-73.2704,-73.1883,-73.0955,-72.9938,-72.8844,-72.7682,-72.6454,-72.5162,-72.3803,-72.2376,-72.0877,-71.93,-71.764,-71.5892,-71.4048,-71.2104,-71.0053,-70.7895,-70.563,-70.3268,-70.0828,-69.835,-69.5895,-69.356,-69.1489,-68.9879,-68.898,-68.9074,-69.0436
2.75,-73.2781,-73.3366,-73.3993,-73.433,-73.4339,-73.4063,-73.356,-73.2882,-73.2068,-73.1146,-73.0137,-72.9052,-72.7898,-72.6679,-72.5397,-72.405,-72.2635,-72.1148,-71.9586,-71.7942,-71.621,-71.4385,-71.2461,-71.0433,-70.83,-70.6063,-70.3732,-70.1327,-69.8886,-69.6471,-69.4178,-69.2149,-69.0579,-68.9713,-68.9829,-69.1197
2.755,-73.2936,-73.3522,-73.415,-73.4489,-73.4501,-73.423,-73.3732,-73.3059,-73.2252,-73.1337,-73.0335,-72.9257,-72.8112,-72.6903,-72.5631,-72.4294,-72.2891,-72.1417,-71.9869,-71.824,-71.6525,-71.4718,-71.2815,-71.0809,-70.8701,-70.6492,-70.4191,-70.1819,-69.9415,-69.7038,-69.4786,-69.2798,-69.1266,-69.0432,-69.057,-69.1944
2.76,-73.309,-73.3677,-73.4306,-73.4648,-73.4663,-73.4395,-73.3902,-73.3235,-73.2434,-73.1526,-73.0531,-72.9461,-72.8325,-72.7125,-72.5863,-72.4537,-72.3145,-72.1684,-72.0149,-71.8535,-71.6837,-71.5048,-71.3164,-71.1181,-70.9097,-70.6915,-70.4644,-70.2305,-69.9936,-69.7597,-69.5384,-69.3436,-69.1941,-69.1139,-69.1297,-69.2677
2.765,-73.3244,-73.3832,-73.4462,-73.4805,-73.4824,-73.456,-73.4072,-73.341,-73.2615,-73.1713,-73.0726,-72.9664,-72.8536,-72.7345,-72.6093,-72.4777,-72.3397,-72.1948,-72.0427,-71.8828,-71.7146,-71.5375,-71.3511,-71.1549,-70.9489,-70.7333,-70.5091,-70.2784,-70.0449,-69.8148,-69.5973,-69.4063,-69.2605,-69.1833,-69.2011,-69.3396
2.77,-73.3396,-73.3985,-73.4617,-73.4962,-73.4983,-73.4724,-73.424,-73.3584,-73.2795,-73.19,-73.0919,-72.9866,-72.8746,-72.7564,-72.6321,-72.5016,-72.3647,-72.221,-72.0702,-71.9118,-71.7451,-71.5698,-71.3853,-71.1913,-70.9876,-70.7746,-70.5533,-70.3257,-70.0956,-69.869,-69.6553,-69.4681,-69.3257,-69.2514,-69.2712,-69.4101
2.775,-73.3548,-73.4138,-73.477,-73.5118,-73.5142,-73.4886,-73.4408,-73.3757,-73.2973,-73.2085,-73.1112,-73.0065,-72.8954,-72.7781,-72.6547,-72.5253,-72.3895,-72.247,-72.0975,-71.9405,-71.7754,-71.6018,-71.4192,-71.2273,-71.0259,-70.8154,-70.5969,-70.3723,-70.1455,-69.9225,-69.7125,-69.5288,-69.3898,-69.3184,-69.3401,-69.4794
2.78,-73.3699,-73.429,-73.4923,-73.5273,-73.53,-73.5048,-73.4574,-73.3929,-73.3151,-73.2269,-73.1303,-73.0264,-72.916,-72.7996,-72.6772,-72.5488,-72.4141,-72.2728,-72.1246,-71.969,-71.8055,-71.6335,-71.4528,-71.2629,-71.0637,-70.8557,-70.6399,-70.4184,-70.1948,-69.9752,-69.7687,-69.5886,-69.4529,-69.3842,-69.4077,-69.5474
2.785,-73.3848,-73.4441,-73.5075,-73.5427,-73.5457,-73.5209,-73.4739,-73.4099,-73.3327,-73.2452,-73.1492,-73.0461,-72.9366,-72.821,-72.6995,-72.5721,-72.4384,-72.2984,-72.1514,-71.9972,-71.8352,-71.6649,-71.486,-71.2981,-71.1012,-70.8956,-70.6825,-70.4638,-70.2434,-70.0272,-69.8242,-69.6475,-69.515,-69.449,-69.4741,-69.6142
2.79,-73.3997,-73.4591,-73.5227,-73.558,-73.5613,-73.5369,-73.4904,-73.4269,-73.3503,-73.2634,-73.1681,-73.0657,-72.9569,-72.8422,-72.7216,-72.5952,-72.4626,-72.3237,-72.178,-72.0251,-71.8646,-71.696,-71.5189,-71.3329,-71.1382,-70.935,-70.7245,-70.5087,-70.2914,-70.0784,-69.8787,-69.7054,-69.576,-69.5126,-69.5394,-69.6798
2.795,-73.4146,-73.474,-73.5377,-73.5732,-73.5768,-73.5527,-73.5067,-73.4437,-73.3677,-73.2814,-73.1868,-73.0851,-72.9772,-72.8633,-72.7436,-72.6181,-72.4866,-72.3488,-72.2044,-72.0529,-71.8938,-71.7268,-71.5514,-71.3674,-71.1748,-70.974,-70.766,-70.553,-70.3387,-70.1289,-69.9325,-69.7625,-69.6361,-69.5751,-69.6035,-69.7442
2.8,-73.4293,-73.4889,-73.5527,-73.5884,-73.5922,-73.5685,-73.5229,-73.4605,-73.385,-73.2993,-73.2054,-73.1044,-72.9972,-72.8842,-72.7654,-72.6409,-72.5104,-72.3738,-72.2305,-72.0803,-71.9227,-71.7573,-71.5836,-71.4015,-71.211,-71.0125,-70.807,-70.5968,-70.3854,-70.1787,-69.9856,-69.8187,-69.6953,-69.6367,-69.6666,-69.8076
2.805,-73.444,-73.5036,-73.5675,-73.6034,-73.6076,-73.5842,-73.5391,-73.4771,-73.4022,-73.3172,-73.2239,-73.1236,-73.0172,-72.9049,-72.787,-72.6635,-72.534,-72.3985,-72.2564,-72.1075,-71.9514,-71.7875,-71.6155,-71.4353,-71.2468,-71.0505,-70.8475,-70.64,-70.4315,-70.2278,-70.0378,-69.874,-69.7534,-69.6972,-69.7286,-69.8698
2.81,-73.4586,-73.5183,-73.5823,-73.6184,-73.6228,-73.5999,-73.5551,-73.4937,-73.4193,-73.3348,-73.2422,-73.1427,-73.037,-72.9255,-72.8085,-72.6859,-72.5574,-72.423,-72.2821,-72.1345,-71.9797,-71.8174,-71.6471,-71.4687,-71.2822,-71.0882,-70.8876,-70.6826,-70.477,-70.2763,-70.0893,-69.9286,-69.8107,-69.7568,-69.7896,-69.931
2.815,-73.4731,-73.5329,-73.597,-73.6333,-73.638,-73.6154,-73.5711,-73.5101,-73.4363,-73.3524,-73.2605,-73.1616,-73.0566,-72.946,-72.8298,-72.7081,-72.5807,-72.4473,-72.3076,-72.1613,-72.0079,-71.847,-71.6784,-71.5018,-71.3173,-71.1254,-70.9272,-70.7248,-70.5219,-70.3241,-70.1401,-69.9823,-69.8671,-69.8154,-69.8496,-69.9912
2.82,-73.4875,-73.5475,-73.6116,-73.6481,-73.6531,-73.6308,-73.587,-73.5265,-73.4532,-73.3699,-73.2786,-73.1804,-73.0762,-72.9663,-72.851,-72.7302,-72.6038,-72.4714,-72.3329,-72.1878,-72.0357,-71.8764,-71.7093,-71.5345,-71.352,-71.1622,-70.9663,-70.7664,-70.5662,-70.3713,-70.1902,-70.0352,-69.9227,-69.873,-69.9086,-70.0504
2.825,-73.5018,-73.5619,-73.6262,-73.6628,-73.668,-73.6461,-73.6027,-73.5427,-73.47,-73.3873,-73.2965,-73.1991,-73.0956,-72.9865,-72.872,-72.7521,-72.6266,-72.4953,-72.3579,-72.2141,-72.0634,-71.9054,-71.74,-71.5669,-71.3863,-71.1986,-71.005,-70.8076,-70.61,-70.4178,-70.2396,-70.0874,-69.9774,-69.9298,-69.9666,-70.1086
2.83,-73.5161,-73.5763,-73.6407,-73.6775,-73.683,-73.6614,-73.6184,-73.5589,-73.4866,-73.4045,-73.3144,-73.2176,-73.1148,-73.0065,-72.8929,-72.7738,-72.6493,-72.5191,-72.3828,-72.2401,-72.0907,-71.9342,-71.7704,-71.599,-71.4203,-71.2346,-71.0432,-70.8482,-70.6532,-70.4638,-70.2883,-70.1388,-70.0313,-69.9857,-70.0238,-70.1659
2.835,-73.5303,-73.5906,-73.6551,-73.692,-73.6978,-73.6766,-73.634,-73.5749,-73.5032,-73.4217,-73.3322,-73.236,-73.134,-73.0264,-72.9136,-72.7954,-72.6719,-72.5426,-72.4074,-72.266,-72.1179,-71.9628,-71.8005,-71.6308,-71.4539,-71.2702,-71.081,-70.8884,-70.6959,-70.5091,-70.3363,-70.1895,-70.0844,-70.0408,-70.08,-70.2222
2.84,-73.5444,-73.6048,-73.6694,-73.7065,-73.7125,-73.6917,-73.6495,-73.5909,-73.5197,-73.4387,-73.3498,-73.2543,-73.153,-73.0462,-72.9341,-72.8169,-72.6942,-72.566,-72.4319,-72.2916,-72.1448,-71.9911,-71.8303,-71.6623,-71.4872,-71.3055,-71.1184,-70.9281,-70.7381,-70.5539,-70.3838,-70.2395,-70.1368,-70.095,-70.1354,-70.2777
2.845,-73.5585,-73.6189,-73.6836,-73.7209,-73.7272,-73.7067,-73.6649,-73.6067,-73.5361,-73.4556,-73.3674,-73.2725,-73.1718,-73.0658,-72.9546,-72.8381,-72.7164,-72.5892,-72.4561,-72.317,-72.1714,-72.0191,-71.8598,-71.6934,-71.5201,-71.3404,-71.1554,-70.9673,-70.7797,-70.5981,-70.4305,-70.2888,-70.1883,-70.1484,-70.1899,-70.3323
2.85,-73.5724,-73.633,-73.6978,-73.7352,-73.7418,-73.7216,-73.6802,-73.6225,-73.5523,-73.4725,-73.3848,-73.2906,-73.1906,-73.0853,-72.9748,-72.8592,-72.7384,-72.6122,-72.4802,-72.3422,-72.1979,-72.0469,-71.8891,-71.7243,-71.5527,-71.3749,-71.192,-71.0061,-70.8209,-70.6417,-70.4767,-70.3374,-70.2392,-70.201,-70.2436,-70.386
2.855,-73.5863,-73.647,-73.7119,-73.7495,-73.7563,-73.7364,-73.6954,-73.6382,-73.5685,-73.4892,-73.4021,-73.3085,-73.2092,-73.1046,-72.9949,-72.8802,-72.7603,-72.635,-72.5041,-72.3672,-72.2241,-72.0745,-71.9181,-71.7548,-71.585,-71.409,-71.2281,-71.0445,-70.8616,-70.6848,-70.5222,-70.3853,-70.2893,-70.2529,-70.2965,-70.439
2.86,-73.6002,-73.6609,-73.7259,-73.7637,-73.7707,-73.7512,-73.7105,-73.6538,-73.5846,-73.5058,-73.4193,-73.3263,-73.2277,-73.1238,-73.0149,-72.901,-72.782,-72.6576,-72.5277,-72.392,-72.2501,-72.1017,-71.9468,-71.7851,-71.6169,-71.4428,-71.2639,-71.0824,-70.9017,-70.7273,-70.5672,-70.4326,-70.3387,-70.304,-70.3485,-70.4911
2.865,-73.6139,-73.6748,-73.7398,-73.7778,-73.785,-73.7658,-73.7256,-73.6693,-73.6006,-73.5223,-73.4364,-73.3441,-73.2461,-73.1429,-73.0348,-72.9217,-72.8035,-72.6801,-72.5512,-72.4166,-72.2758,-72.1288,-71.9752,-71.8151,-71.6486,-71.4762,-71.2993,-71.1199,-70.9415,-70.7694,-70.6116,-70.4793,-70.3875,-70.3544,-70.3999,-70.5424
2.87,-73.6276,-73.6886,-73.7537,-73.7918,-73.7993,-73.7804,-73.7406,-73.6847,-73.6165,-73.5388,-73.4534,-73.3617,-73.2643,-73.1619,-73.0545,-72.9422,-72.8249,-72.7024,-72.5745,-72.4409,-72.3014,-72.1556,-72.0034,-71.8448,-71.6799,-71.5093,-71.3343,-71.1569,-70.9807,-70.8109,-70.6554,-70.5254,-70.4355,-70.404,-70.4504,-70.593
2.875,-73.6412,-73.7023,-73.7675,-73.8057,-73.8135,-73.7949,-73.7555,-73.7,-73.6323,-73.5551,-73.4703,-73.3792,-73.2825,-73.1807,-73.074,-72.9625,-72.8461,-72.7245,-72.5976,-72.4651,-72.3267,-72.1822,-72.0314,-71.8742,-71.7109,-71.5421,-71.3689,-71.1936,-71.0195,-70.8519,-70.6987,-70.5708,-70.4829,-70.453,-70.5003,-70.6429
2.88,-73.6548,-73.7159,-73.7812,-73.8196,-73.8276,-73.8093,-73.7703,-73.7152,-73.648,-73.5713,-73.4871,-73.3965,-73.3005,-73.1994,-73.0935,-72.9828,-72.8671,-72.7465,-72.6206,-72.4891,-72.3519,-72.2086,-72.0591,-71.9034,-71.7416,-71.5745,-71.4032,-71.2299,-71.0578,-70.8924,-70.7414,-70.6157,-70.5297,-70.5013,-70.5494,-70.692
2.885,-73.6683,-73.7295,-73.7949,-73.8334,-73.8417,-73.8237,-73.785,-73.7304,-73.6636,-73.5874,-73.5037,-73.4138,-73.3184,-73.218,-73.1128,-73.0028,-72.8881,-72.7683,-72.6433,-72.5129,-72.3768,-72.2347,-72.0865,-71.9322,-71.7721,-71.6066,-71.4371,-71.2657,-71.0958,-70.9325,-70.7836,-70.66,-70.5759,-70.5489,-70.5979,-70.7404
2.89,-73.6817,-73.743,-73.8084,-73.8472,-73.8556,-73.838,-73.7996,-73.7454,-73.6791,-73.6035,-73.5203,-73.431,-73.3362,-73.2364,-73.132,-73.0228,-72.9088,-72.7899,-72.6659,-72.5365,-72.4015,-72.2606,-72.1137,-71.9608,-71.8022,-71.6384,-71.4707,-71.3012,-71.1333,-70.9721,-70.8253,-70.7037,-70.6214,-70.5958,-70.6457,-70.7881
2.895,-73.695,-73.7564,-73.8219,-73.8608,-73.8695,-73.8522,-73.8142,-73.7604,-73.6946,-73.6194,-73.5368,-73.448,-73.3539,-73.2548,-73.151,-73.0426,-72.9294,-72.8114,-72.6883,-72.5599,-72.426,-72.2863,-72.1407,-71.9892,-71.832,-71.6699,-71.5039,-71.3363,-71.1703,-71.0112,-70.8665,-70.7468,-70.6663,-70.6422,-70.6928,-70.8352
2.9,-73.7083,-73.7698,-73.8354,-73.8744,-73.8833,-73.8663,-73.8287,-73.7753,-73.7099,-73.6352,-73.5532,-73.465,-73.3714,-73.273,-73.1699,-73.0622,-72.9499,-72.8327,-72.7106,-72.5832,-72.4503,-72.3118,-72.1674,-72.0173,-71.8616,-71.701,-71.5368,-71.371,-71.207,-71.0499,-70.9072,-70.7895,-70.7107,-70.6879,-70.7392,-70.8816
2.905,-73.7215,-73.7831,-73.8488,-73.8879,-73.8971,-73.8803,-73.8431,-73.7901,-73.7252,-73.651,-73.5694,-73.4818,-73.3889,-73.2911,-73.1887,-73.0817,-72.9702,-72.8539,-72.7326,-72.6062,-72.4744,-72.337,-72.1939,-72.0451,-71.8909,-71.7319,-71.5694,-71.4054,-71.2432,-71.0881,-70.9474,-70.8316,-70.7545,-70.733,-70.7851,-70.9274
2.91,-73.7346,-73.7963,-73.8621,-73.9014,-73.9108,-73.8943,-73.8574,-73.8048,-73.7403,-73.6666,-73.5856,-73.4986,-73.4062,-73.3091,-73.2074,-73.1011,-72.9904,-72.8749,-72.7546,-72.6291,-72.4983,-72.3621,-72.2202,-72.0727,-71.9199,-71.7625,-71.6016,-71.4394,-71.2791,-71.1259,-70.9871,-70.8732,-70.7978,-70.7775,-70.8303,-70.9725
2.915,-73.7477,-73.8095,-73.8753,-73.9148,-73.9244,-73.9082,-73.8716,-73.8195,-73.7554,-73.6822,-73.6017,-73.5152,-73.4234,-73.3269,-73.2259,-73.1204,-73.0104,-72.8958,-72.7763,-72.6518,-72.5221,-72.3869,-72.2462,-72.1001,-71.9487,-71.7928,-71.6335,-71.473,-71.3146,-71.1633,-71.0264,-70.9143,-70.8404,-70.8214,-70.8749,-71.0171
2.92,-73.7607,-73.8226,-73.8885,-73.9281,-73.9379,-73.922,-73.8858,-73.834,-73.7704,-73.6977,-73.6177,-73.5317,-73.4406,-73.3447,-73.2443,-73.1395,-73.0303,-72.9165,-72.7979,-72.6743,-72.5456,-72.4116,-72.2721,-72.1272,-71.9772,-71.8227,-71.6651,-71.5063,-71.3497,-71.2002,-71.0652,-70.9548,-70.8826,-70.8648,-70.919,-71.061
2.925,-73.7737,-73.8356,-73.9016,-73.9413,-73.9514,-73.9358,-73.8999,-73.8485,-73.7853,-73.7131,-73.6336,-73.5482,-73.4576,-73.3623,-73.2626,-73.1585,-73.05,-72.937,-72.8193,-72.6967,-72.569,-72.436,-72.2977,-72.154,-72.0054,-71.8524,-71.6964,-71.5393,-71.3844,-71.2367,-71.1036,-70.9949,-70.9243,-70.9077,-70.9624,-71.1044
2.93,-73.7866,-73.8486,-73.9146,-73.9545,-73.9648,-73.9494,-73.9139,-73.8629,-73.8002,-73.7284,-73.6494,-73.5645,-73.4745,-73.3798,-73.2808,-73.1774,-73.0696,-72.9574,-72.8406,-72.7189,-72.5921,-72.4602,-72.3231,-72.1807,-72.0334,-71.8819,-71.7273,-71.5719,-71.4188,-71.2729,-71.1415,-71.0346,-70.9654,-70.9499,-71.0053,-71.1471
2.935,-73.7994,-73.8615,-73.9276,-73.9676,-73.9781,-73.963,-73.9278,-73.8772,-73.8149,-73.7436,-73.6651,-73.5807,-73.4913,-73.3972,-73.2988,-73.1961,-73.0891,-72.9777,-72.8617,-72.7409,-72.6151,-72.4843,-72.3482,-72.2071,-72.0611,-71.911,-71.758,-71.6042,-71.4528,-71.3086,-71.179,-71.0737,-71.006,-70.9917,-71.0477,-71.1894
2.94,-73.8122,-73.8743,-73.9405,-73.9807,-73.9913,-73.9766,-73.9417,-73.8915,-73.8296,-73.7587,-73.6807,-73.5969,-73.508,-73.4145,-73.3168,-73.2147,-73.1085,-72.9978,-72.8826,-72.7627,-72.638,-72.5081,-72.3732,-72.2333,-72.0886,-71.9399,-71.7884,-71.6362,-71.4864,-71.344,-71.2161,-71.1124,-71.0462,-71.0329,-71.0895,-71.2311
2.945,-73.8249,-73.8871,-73.9534,-73.9937,-74.0045,-73.99,-73.9555,-73.9057,-73.8442,-73.7737,-73.6962,-73.6129,-73.5246,-73.4317,-73.3346,-73.2332,-73.1277,-73.0178,-72.9034,-72.7844,-72.6606,-72.5318,-72.398,-72.2592,-72.1158,-71.9685,-71.8185,-71.6678,-71.5197,-71.379,-71.2527,-71.1507,-71.0858,-71.0737,-71.1308,-71.2722
2.95,-73.8375,-73.8998,-73.9662,-74.0066,-74.0177,-74.0034,-73.9692,-73.9198,-73.8587,-73.7887,-73.7117,-73.6289,-73.5411,-73.4488,-73.3523,-73.2516,-73.1468,-73.0376,-72.9241,-72.806,-72.6831,-72.5553,-72.4225,-72.285,-72.1428,-71.9969,-71.8483,-71.6992,-71.5526,-71.4136,-71.289,-71.1885,-71.125,-71.1139,-71.1716,-71.3129
2.955,-73.8501,-73.9125,-73.9789,-74.0194,-74.0307,-74.0168,-73.9829,-73.9338,-73.8731,-73.8036,-73.727,-73.6447,-73.5575,-73.4658,-73.3699,-73.2699,-73.1657,-73.0573,-72.9446,-72.8273,-72.7054,-72.5786,-72.4469,-72.3105,-72.1696,-72.025,-71.8778,-71.7302,-71.5853,-71.4478,-71.3248,-71.2259,-71.1638,-71.1537,-71.2119,-71.353
2.96,-73.8626,-73.9251,-73.9916,-74.0322,-74.0437,-74.03,-73.9965,-73.9477,-73.8875,-73.8184,-73.7423,-73.6605,-73.5738,-73.4827,-73.3874,-73.288,-73.1845,-73.0769,-72.965,-72.8485,-72.7275,-72.6017,-72.4711,-72.3358,-72.1961,-72.0528,-71.9071,-71.7609,-71.6176,-71.4817,-71.3603,-71.2629,-71.2021,-71.193,-71.2517,-71.3927
2.965,-73.8751,-73.9376,-74.0042,-74.045,-74.0566,-74.0432,-74.01,-73.9616,-73.9017,-73.8331,-73.7575,-73.6762,-73.59,-73.4994,-73.4047,-73.306,-73.2032,-73.0963,-72.9852,-72.8696,-72.7494,-72.6246,-72.495,-72.3609,-72.2224,-72.0804,-71.9361,-71.7914,-71.6495,-71.5153,-71.3954,-71.2995,-71.2399,-71.2318,-71.291,-71.4318
2.97,-73.8875,-73.9501,-74.0167,-74.0576,-74.0695,-74.0563,-74.0234,-73.9754,-73.9159,-73.8477,-73.7725,-73.6917,-73.6061,-73.5161,-73.422,-73.3239,-73.2218,-73.1156,-73.0053,-72.8905,-72.7712,-72.6474,-72.5188,-72.3858,-72.2485,-72.1078,-71.9648,-71.8215,-71.6812,-71.5484,-71.4301,-71.3356,-71.2774,-71.2702,-71.3298,-71.4705
2.975,-73.8998,-73.9625,-74.0292,-74.0702,-74.0823,-74.0694,-74.0368,-73.9891,-73.93,-73.8622,-73.7875,-73.7072,-73.6221,-73.5327,-73.4392,-73.3417,-73.2403,-73.1348,-73.0252,-72.9113,-72.7929,-72.6699,-72.5424,-72.4105,-72.2744,-72.1349,-71.9932,-71.8514,-71.7125,-71.5813,-71.4645,-71.3714,-71.3144,-71.3081,-71.3682,-71.5088
2.98,-73.9121,-73.9749,-74.0416,-74.0828,-74.095,-74.0824,-74.0501,-74.0028,-73.9441,-73.8767,-73.8025,-73.7226,-73.638,-73.5491,-73.4562,-73.3594,-73.2586,-73.1539,-73.045,-72.9319,-72.8143,-72.6923,-72.5658,-72.4349,-72.3,-72.1618,-72.0214,-71.881,-71.7435,-71.6138,-71.4985,-71.4068,-71.351,-71.3456,-71.4061,-71.5465
2.985,-73.9243,-73.9872,-74.054,-74.0953,-74.1077,-74.0953,-74.0633,-74.0163,-73.958,-73.8911,-73.8173,-73.7379,-73.6538,-73.5655,-73.4731,-73.3769,-73.2768,-73.1728,-73.0646,-72.9523,-72.8357,-72.7146,-72.5891,-72.4592,-72.3254,-72.1884,-72.0493,-71.9103,-71.7743,-71.646,-71.5321,-71.4418,-71.3871,-71.3827,-71.4436,-71.5838
2.99,-73.9365,-73.9994,-74.0663,-74.1077,-74.1203,-74.1082,-74.0765,-74.0299,-73.9719,-73.9054,-73.832,-73.7532,-73.6696,-73.5818,-73.49,-73.3944,-73.2949,-73.1915,-73.0842,-72.9726,-72.8568,-72.7366,-72.6121,-72.4833,-72.3506,-72.2148,-72.077,-71.9393,-71.8047,-71.6779,-71.5654,-71.4764,-71.4229,-71.4193,-71.4807,-71.6207
2.995,-73.9486,-74.0116,-74.0785,-74.1201,-74.1329,-74.121,-74.0896,-74.0433,-73.9857,-73.9196,-73.8467,-73.7683,-73.6852,-73.5979,-73.5067,-73.4117,-73.3129,-73.2102,-73.1036,-72.9928,-72.8778,-72.7585,-72.635,-72.5072,-72.3756,-72.241,-72.1045,-71.9681,-71.8349,-71.7094,-71.5983,-71.5107,-71.4583,-71.4555,-71.5173,-71.6572
3,-73.9607,-74.0237,-74.0907,-74.1324,-74.1454,-74.1337,-74.1026,-74.0567,-73.9995,-73.9338,-73.8613,-73.7834,-73.7008,-73.614,-73.5233,-73.4289,-73.3307,-73.2287,-73.1228,-73.0128,-72.8987,-72.7803,-72.6576,-72.5309,-72.4004,-72.2669,-72.1317,-71.9966,-71.8647,-71.7407,-71.6309,-71.5446,-71.4933,-71.4914,-71.5535,-71.6932
3.005,-73.9727,-74.0358,-74.1029,-74.1446,-74.1578,-74.1464,-74.1156,-74.07,-74.0132,-73.9478,-73.8758,-73.7983,-73.7162,-73.63,-73.5399,-73.446,-73.3485,-73.2472,-73.1419,-73.0327,-72.9194,-72.8019,-72.6802,-72.5544,-72.425,-72.2927,-72.1586,-72.0248,-71.8943,-71.7716,-71.6632,-71.5781,-71.528,-71.5268,-71.5894,-71.7288
3.01,-73.9846,-74.0478,-74.1149,-74.1568,-74.1702,-74.159,-74.1285,-74.0832,-74.0268,-73.9618,-73.8902,-73.8132,-73.7316,-73.6459,-73.5563,-73.4631,-73.3661,-73.2654,-73.1609,-73.0525,-72.9399,-72.8233,-72.7025,-72.5777,-72.4494,-72.3182,-72.1853,-72.0528,-71.9236,-71.8022,-71.6952,-71.6113,-71.5622,-71.5619,-71.6248,-71.7641
3.015,-73.9965,-74.0598,-74.127,-74.1689,-74.1825,-74.1716,-74.1413,-74.0964,-74.0403,-73.9758,-73.9046,-73.828,-73.7469,-73.6616,-73.5726,-73.48,-73.3836,-73.2836,-73.1798,-73.0721,-72.9603,-72.8445,-72.7247,-72.6009,-72.4736,-72.3435,-72.2118,-72.0805,-71.9526,-71.8326,-71.7268,-71.6442,-71.5961,-71.5965,-71.6598,-71.7989
3.02,-74.0083,-74.0717,-74.1389,-74.181,-74.1947,-74.184,-74.1541,-74.1095,-74.0538,-73.9896,-73.9188,-73.8427,-73.762,-73.6773,-73.5889,-73.4968,-73.401,-73.3017,-73.1985,-73.0915,-72.9806,-72.8656,-72.7467,-72.6239,-72.4976,-72.3686,-72.2381,-72.108,-71.9814,-71.8626,-71.7581,-71.6767,-71.6297,-71.6308,-71.6944,-71.8334
3.025,-74.0201,-74.0836,-74.1508,-74.193,-74.2069,-74.1965,-74.1668,-74.1225,-74.0671,-74.0034,-73.933,-73.8574,-73.7772,-73.6929,-73.605,-73.5135,-73.4183,-73.3196,-73.2171,-73.1109,-73.0007,-72.8866,-72.7685,-72.6466,-72.5214,-72.3935,-72.2641,-72.1353,-72.0099,-71.8924,-71.7892,-71.7089,-71.6629,-71.6648,-71.7287,-71.8674
3.03,-74.0319,-74.0954,-74.1627,-74.205,-74.2191,-74.2088,-74.1794,-74.1355,-74.0805,-74.0171,-73.9471,-73.8719,-73.7922,-73.7085,-73.621,-73.5301,-73.4355,-73.3374,-73.2356,-73.1301,-73.0207,-72.9074,-72.7902,-72.6693,-72.545,-72.4182,-72.2899,-72.1623,-72.0381,-71.9219,-71.8199,-71.7407,-71.6957,-71.6983,-71.7626,-71.9011
3.035,-74.0435,-74.1071,-74.1745,-74.2169,-74.2312,-74.2212,-74.192,-74.1484,-74.0937,-74.0307,-73.9612,-73.8864,-73.8071,-73.7239,-73.637,-73.5466,-73.4526,-73.3551,-73.254,-73.1492,-73.0405,-72.928,-72.8117,-72.6917,-72.5685,-72.4427,-72.3155,-72.189,-72.0661,-71.9511,-71.8503,-71.7723,-71.7283,-71.7316,-71.7961,-71.9344
3.04,-74.0552,-74.1188,-74.1862,-74.2288,-74.2432,-74.2334,-74.2046,-74.1612,-74.1069,-74.0443,-73.9752,-73.9008,-73.822,-73.7392,-73.6528,-73.563,-73.4696,-73.3727,-73.2723,-73.1681,-73.0602,-72.9485,-72.833,-72.714,-72.5917,-72.4669,-72.3409,-72.2156,-72.0938,-71.98,-71.8804,-71.8035,-71.7605,-71.7644,-71.8293,-71.9674
3.045,-74.0667,-74.1304,-74.1979,-74.2406,-74.2551,-74.2456,-74.217,-74.174,-74.12,-74.0578,-73.989,-73.9151,-73.8367,-73.7545,-73.6686,-73.5792,-73.4865,-73.3902,-73.2904,-73.187,-73.0798,-72.9689,-72.8542,-72.7361,-72.6148,-72.491,-72.3661,-72.2419,-72.1213,-72.0087,-71.9103,-71.8345,-71.7923,-71.797,-71.8621,-72
3.05,-74.0783,-74.142,-74.2096,-74.2523,-74.2671,-74.2577,-74.2294,-74.1867,-74.1331,-74.0712,-74.0029,-73.9293,-73.8514,-73.7696,-73.6843,-73.5954,-73.5032,-73.4076,-73.3084,-73.2057,-73.0992,-72.9891,-72.8753,-72.758,-72.6376,-72.5149,-72.3911,-72.268,-72.1486,-72.0371,-71.9398,-71.8651,-71.8239,-71.8292,-71.8946,-72.0323
3.055,-74.0897,-74.1536,-74.2212,-74.264,-74.2789,-74.2698,-74.2418,-74.1993,-74.1461,-74.0845,-74.0166,-73.9435,-73.866,-73.7847,-73.6998,-73.6115,-73.5199,-73.4248,-73.3263,-73.2242,-73.1185,-73.0091,-72.8962,-72.7798,-72.6603,-72.5386,-72.4158,-72.2938,-72.1756,-72.0653,-71.9691,-71.8954,-71.8551,-71.8611,-71.9268,-72.0642
3.06,-74.1012,-74.1651,-74.2327,-74.2756,-74.2907,-74.2818,-74.2541,-74.2119,-74.159,-74.0978,-74.0303,-73.9576,-73.8805,-73.7997,-73.7153,-73.6276,-73.5365,-73.442,-73.3441,-73.2427,-73.1377,-73.0291,-72.9169,-72.8014,-72.6829,-72.5621,-72.4404,-72.3195,-72.2023,-72.0932,-71.9981,-71.9255,-71.886,-71.8926,-71.9586,-72.0958
3.065,-74.1125,-74.1765,-74.2442,-74.2872,-74.3025,-74.2938,-74.2663,-74.2244,-74.1718,-74.111,-74.0439,-73.9716,-73.895,-73.8146,-73.7307,-73.6435,-73.5529,-73.459,-73.3618,-73.261,-73.1567,-73.0489,-72.9375,-72.8228,-72.7052,-72.5855,-72.4647,-72.3449,-72.2288,-72.1208,-72.0269,-71.9553,-71.9167,-71.9239,-71.9901,-72.1271
3.07,-74.1239,-74.1879,-74.2556,-74.2988,-74.3142,-74.3057,-74.2784,-74.2369,-74.1846,-74.1242,-74.0574,-73.9855,-73.9094,-73.8294,-73.746,-73.6593,-73.5693,-73.476,-73.3793,-73.2792,-73.1756,-73.0685,-72.9579,-72.8441,-72.7274,-72.6086,-72.4889,-72.3701,-72.2551,-72.1482,-72.0554,-71.9847,-71.947,-71.9548,-72.0213,-72.1581
3.075,-74.1351,-74.1992,-74.267,-74.3102,-74.3258,-74.3175,-74.2906,-74.2493,-74.1974,-74.1373,-74.0709,-73.9994,-73.9236,-73.8442,-73.7612,-73.675,-73.5855,-73.4928,-73.3968,-73.2973,-73.1944,-73.088,-72.9782,-72.8652,-72.7495,-72.6316,-72.5128,-72.3951,-72.2812,-72.1754,-72.0836,-72.0139,-71.977,-71.9854,-72.0521,-72.1887
3.08,-74.1464,-74.2105,-74.2783,-74.3217,-74.3374,-74.3293,-74.3026,-74.2617,-74.21,-74.1503,-74.0843,-74.0132,-73.9379,-73.8588,-73.7764,-73.6906,-73.6017,-73.5095,-73.4141,-73.3153,-73.2131,-73.1074,-72.9984,-72.8862,-72.7713,-72.6544,-72.5366,-72.4199,-72.3071,-72.2023,-72.1115,-72.0429,-72.0068,-72.0157,-72.0827,-72.2191
3.085,-74.1575,-74.2217,-74.2896,-74.3331,-74.3489,-74.3411,-74.3146,-74.2739,-74.2226,-74.1632,-74.0976,-74.0269,-73.952,-73.8734,-73.7914,-73.7062,-73.6178,-73.5262,-73.4313,-73.3331,-73.2316,-73.1267,-73.0184,-72.9071,-72.793,-72.677,-72.5602,-72.4445,-72.3327,-72.229,-72.1393,-72.0715,-72.0362,-72.0458,-72.1129,-72.2491
3.09,-74.1687,-74.2329,-74.3009,-74.3444,-74.3604,-74.3528,-74.3265,-74.2862,-74.2352,-74.1761,-74.1108,-74.0405,-73.966,-73.8879,-73.8064,-73.7216,-73.6338,-73.5427,-73.4484,-73.3509,-73.25,-73.1458,-73.0383,-72.9277,-72.8145,-72.6994,-72.5836,-72.4689,-72.3581,-72.2555,-72.1667,-72.0999,-72.0654,-72.0755,-72.1429,-72.2788
3.095,-74.1798,-74.2441,-74.312,-74.3557,-74.3718,-74.3644,-74.3384,-74.2983,-74.2477,-74.1889,-74.124,-74.0541,-73.98,-73.9023,-73.8213,-73.737,-73.6496,-73.5591,-73.4654,-73.3685,-73.2683,-73.1648,-73.058,-72.9483,-72.8359,-72.7217,-72.6068,-72.4931,-72.3833,-72.2817,-72.1939,-72.1281,-72.0943,-72.105,-72.1725,-72.3083
3.1,-74.1908,-74.2552,-74.3232,-74.3669,-74.3832,-74.376,-74.3502,-74.3104,-74.2601,-74.2017,-74.1371,-74.0676,-73.9939,-73.9166,-73.836,-73.7523,-73.6654,-73.5755,-73.4823,-73.386,-73.2864,-73.1836,-73.0776,-72.9686,-72.8571,-72.7438,-72.6298,-72.5171,-72.4083,-72.3077,-72.2209,-72.1559,-72.123,-72.1341,-72.2019,-72.3374
3.105,-74.2018,-74.2662,-74.3343,-74.3781,-74.3945,-74.3875,-74.362,-74.3225,-74.2724,-74.2144,-74.1502,-74.081,-74.0078,-73.9309,-73.8508,-73.7675,-73.6811,-73.5917,-73.4991,-73.4034,-73.3045,-73.2024,-73.0971,-72.9889,-72.8782,-72.7657,-72.6527,-72.5409,-72.4331,-72.3335,-72.2477,-72.1836,-72.1514,-72.163,-72.231,-72.3663
3.11,-74.2127,-74.2772,-74.3453,-74.3892,-74.4058,-74.399,-74.3737,-74.3345,-74.2847,-74.227,-74.1632,-74.0944,-74.0215,-73.9451,-73.8654,-73.7826,-73.6967,-73.6078,-73.5158,-73.4207,-73.3224,-73.221,-73.1164,-73.009,-72.8991,-72.7875,-72.6753,-72.5645,-72.4577,-72.359,-72.2742,-72.211,-72.1795,-72.1917,-72.2598,-72.3949
3.115,-74.2236,-74.2882,-74.3563,-74.4003,-74.417,-74.4104,-74.3854,-74.3464,-74.297,-74.2396,-74.1761,-74.1077,-74.0352,-73.9592,-73.8799,-73.7976,-73.7122,-73.6239,-73.5324,-73.4379,-73.3402,-73.2394,-73.1356,-73.0289,-72.9198,-72.8091,-72.6978,-72.5879,-72.4821,-72.3844,-72.3005,-72.2381,-72.2074,-72.22,-72.2884,-72.4232
3.12,-74.2345,-74.2991,-74.3672,-74.4113,-74.4282,-74.4218,-74.397,-74.3583,-74.3092,-74.2521,-74.1889,-74.1209,-74.0488,-73.9732,-73.8944,-73.8125,-73.7277,-73.6398,-73.5489,-73.455,-73.3579,-73.2578,-73.1547,-73.0487,-72.9405,-72.8305,-72.7202,-72.6112,-72.5063,-72.4095,-72.3265,-72.265,-72.235,-72.2481,-72.3166,-72.4512
3.125,-74.2453,-74.3099,-74.3782,-74.4223,-74.4393,-74.4331,-74.4086,-74.3701,-74.3213,-74.2645,-74.2017,-74.1341,-74.0624,-73.9872,-73.9088,-73.8274,-73.743,-73.6556,-73.5653,-73.472,-73.3755,-73.2761,-73.1736,-73.0684,-72.9609,-72.8518,-72.7423,-72.6342,-72.5303,-72.4344,-72.3523,-72.2917,-72.2623,-72.276,-72.3447,-72.479
3.13,-74.256,-74.3207,-74.389,-74.4332,-74.4504,-74.4444,-74.4201,-74.3819,-74.3333,-74.2769,-74.2144,-74.1471,-74.0759,-74.0011,-73.9231,-73.8421,-73.7582,-73.6714,-73.5816,-73.4888,-73.393,-73.2942,-73.1924,-73.088,-72.9812,-72.873,-72.7643,-72.6571,-72.5541,-72.4592,-72.378,-72.3181,-72.2894,-72.3036,-72.3724,-72.5065
3.135,-74.2668,-74.3315,-74.3998,-74.4441,-74.4615,-74.4556,-74.4315,-74.3936,-74.3453,-74.2892,-74.2271,-74.1602,-74.0893,-74.0149,-73.9373,-73.8568,-73.7734,-73.6871,-73.5978,-73.5056,-73.4104,-73.3122,-73.2111,-73.1074,-73.0014,-72.8939,-72.7861,-72.6798,-72.5777,-72.4837,-72.4034,-72.3443,-72.3163,-72.3309,-72.3999,-72.5338
3.14,-74.2774,-74.3422,-74.4106,-74.455,-74.4724,-74.4668,-74.4429,-74.4053,-74.3573,-74.3015,-74.2397,-74.1731,-74.1026,-74.0286,-73.9515,-73.8714,-73.7885,-73.7026,-73.6139,-73.5223,-73.4276,-73.3301,-73.2297,-73.1266,-73.0214,-72.9148,-72.8078,-72.7023,-72.6011,-72.508,-72.4285,-72.3703,-72.343,-72.358,-72.4271,-72.5608
3.145,-74.2881,-74.3529,-74.4213,-74.4658,-74.4834,-74.4779,-74.4543,-74.4169,-74.3692,-74.3137,-74.2523,-74.186,-74.1159,-74.0423,-73.9656,-73.8859,-73.8035,-73.7181,-73.6299,-73.5388,-73.4448,-73.3478,-73.2481,-73.1458,-73.0413,-72.9354,-72.8293,-72.7247,-72.6243,-72.5321,-72.4535,-72.3961,-72.3694,-72.3848,-72.4541,-72.5875
3.15,-74.2986,-74.3635,-74.432,-74.4765,-74.4943,-74.489,-74.4656,-74.4284,-74.381,-74.3259,-74.2647,-74.1989,-74.1291,-74.0559,-73.9796,-73.9004,-73.8184,-73.7335,-73.6458,-73.5553,-73.4618,-73.3655,-73.2664,-73.1648,-73.0611,-72.956,-72.8506,-72.7469,-72.6474,-72.556,-72.4783,-72.4216,-72.3956,-72.4115,-72.4809,-72.6141
3.155,-74.3092,-74.3741,-74.4426,-74.4872,-74.5051,-74.5,-74.4768,-74.4399,-74.3928,-74.338,-74.2771,-74.2116,-74.1422,-74.0694,-73.9935,-73.9147,-73.8332,-73.7488,-73.6616,-73.5716,-73.4788,-73.383,-73.2846,-73.1837,-73.0807,-72.9763,-72.8718,-72.7689,-72.6703,-72.5798,-72.5029,-72.4469,-72.4215,-72.4378,-72.5074,-72.6403
3.16,-74.3197,-74.3847,-74.4532,-74.4979,-74.5159,-74.511,-74.488,-74.4514,-74.4045,-74.35,-74.2895,-74.2243,-74.1553,-74.0828,-74.0074,-73.929,-73.8479,-73.764,-73.6774,-73.5879,-73.4956,-73.4005,-73.3027,-73.2024,-73.1002,-72.9966,-72.8929,-72.7908,-72.693,-72.6033,-72.5272,-72.472,-72.4472,-72.464,-72.5337,-72.6664
3.165,-74.3301,-74.3952,-74.4637,-74.5085,-74.5266,-74.5219,-74.4992,-74.4628,-74.4162,-74.362,-74.3018,-74.237,-74.1683,-74.0962,-74.0211,-73.9432,-73.8626,-73.7792,-73.693,-73.6041,-73.5123,-73.4178,-73.3207,-73.2211,-73.1195,-73.0167,-72.9137,-72.8125,-72.7155,-72.6267,-72.5514,-72.4969,-72.4727,-72.4899,-72.5597,-72.6922
3.17,-74.3406,-74.4056,-74.4742,-74.5191,-74.5373,-74.5328,-74.5103,-74.4741,-74.4278,-74.3739,-74.314,-74.2495,-74.1812,-74.1095,-74.0349,-73.9574,-73.8771,-73.7942,-73.7085,-73.6201,-73.5289,-73.435,-73.3385,-73.2396,-73.1387,-73.0366,-72.9345,-72.834,-72.7379,-72.6499,-72.5754,-72.5216,-72.498,-72.5156,-72.5855,-72.7178
3.175,-74.3509,-74.4161,-74.4846,-74.5296,-74.548,-74.5436,-74.5213,-74.4854,-74.4394,-74.3857,-74.3262,-74.262,-74.1941,-74.1228,-74.0485,-73.9714,-73.8916,-73.8092,-73.724,-73.6361,-73.5455,-73.4521,-73.3562,-73.258,-73.1578,-73.0564,-72.955,-72.8554,-72.76,-72.6729,-72.5991,-72.5461,-72.5231,-72.5411,-72.6111,-72.7431
3.18,-74.3613,-74.4264,-74.4951,-74.5401,-74.5586,-74.5544,-74.5323,-74.4967,-74.4509,-74.3976,-74.3383,-74.2745,-74.2069,-74.1359,-74.0621,-73.9854,-73.9061,-73.824,-73.7394,-73.652,-73.5619,-73.4691,-73.3738,-73.2762,-73.1768,-73.0761,-72.9755,-72.8766,-72.7821,-72.6957,-72.6227,-72.5704,-72.548,-72.5663,-72.6365,-72.7682
3.185,-74.3715,-74.4368,-74.5054,-74.5505,-74.5692,-74.5651,-74.5433,-74.5079,-74.4624,-74.4093,-74.3504,-74.2869,-74.2196,-74.149,-74.0756,-73.9993,-73.9204,-73.8388,-73.7546,-73.6678,-73.5782,-73.486,-73.3913,-73.2944,-73.1956,-73.0956,-72.9958,-72.8977,-72.8039,-72.7183,-72.6461,-72.5945,-72.5726,-72.5913,-72.6616,-72.7931
3.19,-74.3818,-74.4471,-74.5157,-74.5609,-74.5797,-74.5758,-74.5542,-74.519,-74.4738,-74.421,-74.3624,-74.2992,-74.2323,-74.1621,-74.089,-74.0131,-73.9347,-73.8535,-73.7698,-73.6835,-73.5944,-73.5028,-73.4087,-73.3124,-73.2143,-73.1151,-73.0159,-72.9186,-72.8256,-72.7408,-72.6693,-72.6184,-72.5971,-72.6162,-72.6866,-72.8178
3.195,-74.392,-74.4573,-74.526,-74.5713,-74.5902,-74.5865,-74.565,-74.5301,-74.4852,-74.4327,-74.3744,-74.3115,-74.2449,-74.1751,-74.1023,-74.0269,-73.9488,-73.8682,-73.7849,-73.6991,-73.6106,-73.5195,-73.426,-73.3303,-73.2328,-73.1343,-73.0359,-72.9393,-72.8471,-72.7631,-72.6924,-72.6421,-72.6214,-72.6408,-72.7113,-72.8423
3.2,-74.4022,-74.4675,-74.5363,-74.5816,-74.6006,-74.5971,-74.5758,-74.5412,-74.4965,-74.4443,-74.3863,-74.3237,-74.2574,-74.188,-74.1156,-74.0406,-73.9629,-73.8827,-73.7999,-73.7146,-73.6266,-73.5361,-73.4432,-73.3481,-73.2513,-73.1535,-73.0558,-72.9599,-72.8685,-72.7852,-72.7152,-72.6656,-72.6454,-72.6652,-72.7358,-72.8666
3.205,-74.4123,-74.4777,-74.5465,-74.5919,-74.611,-74.6076,-74.5866,-74.5522,-74.5077,-74.4558,-74.3981,-74.3359,-74.2699,-74.2008,-74.1288,-74.0542,-73.977,-73.8972,-73.8149,-73.73,-73.6425,-73.5526,-73.4603,-73.3658,-73.2696,-73.1725,-73.0755,-72.9804,-72.8897,-72.8072,-72.7379,-72.6889,-72.6693,-72.6894,-72.7601,-72.8906
3.21,-74.4224,-74.4878,-74.5566,-74.6021,-74.6214,-74.6181,-74.5973,-74.5631,-74.5189,-74.4673,-74.4099,-74.348,-74.2824,-74.2136,-74.142,-74.0677,-73.9909,-73.9116,-73.8297,-73.7453,-73.6584,-73.569,-73.4772,-73.3834,-73.2878,-73.1914,-73.0951,-73.0007,-72.9108,-72.8289,-72.7604,-72.7121,-72.693,-72.7134,-72.7842,-72.9145
3.215,-74.4324,-74.4979,-74.5667,-74.6123,-74.6317,-74.6286,-74.608,-74.574,-74.5301,-74.4787,-74.4216,-74.36,-74.2947,-74.2263,-74.1551,-74.0812,-74.0048,-73.9259,-73.8445,-73.7606,-73.6741,-73.5853,-73.4941,-73.4008,-73.3059,-73.2101,-73.1145,-73.0209,-72.9317,-72.8506,-72.7827,-72.7351,-72.7164,-72.7372,-72.8081,-72.9381
3.22,-74.4424,-74.508,-74.5768,-74.6224,-74.6419,-74.639,-74.6186,-74.5849,-74.5412,-74.4901,-74.4333,-74.372,-74.3071,-74.239,-74.1681,-74.0946,-74.0186,-73.9401,-73.8592,-73.7757,-73.6898,-73.6015,-73.5108,-73.4182,-73.3239,-73.2288,-73.1338,-73.0409,-72.9524,-72.872,-72.8049,-72.7578,-72.7397,-72.7609,-72.8318,-72.9616
3.225,-74.4524,-74.518,-74.5869,-74.6325,-74.6521,-74.6494,-74.6292,-74.5957,-74.5523,-74.5014,-74.4449,-74.3839,-74.3193,-74.2516,-74.1811,-74.1079,-74.0323,-73.9543,-73.8738,-73.7908,-73.7054,-73.6176,-73.5275,-73.4354,-73.3418,-73.2473,-73.153,-73.0608,-72.973,-72.8934,-72.8269,-72.7804,-72.7628,-72.7843,-72.8553,-72.9849
3.23,-74.4623,-74.5279,-74.5968,-74.6426,-74.6623,-74.6598,-74.6397,-74.6064,-74.5633,-74.5127,-74.4565,-74.3958,-74.3315,-74.2641,-74.1939,-74.1212,-74.046,-73.9684,-73.8883,-73.8058,-73.7209,-73.6336,-73.544,-73.4525,-73.3595,-73.2656,-73.1721,-73.0805,-72.9935,-72.9145,-72.8487,-72.8029,-72.7858,-72.8075,-72.8786,-73.0079
3.235,-74.4722,-74.5379,-74.6068,-74.6526,-74.6725,-74.6701,-74.6502,-74.6171,-74.5742,-74.5239,-74.468,-74.4076,-74.3436,-74.2766,-74.2068,-74.1344,-74.0596,-73.9824,-73.9027,-73.8207,-73.7362,-73.6495,-73.5605,-73.4696,-73.3771,-73.2839,-73.191,-73.1001,-73.0138,-72.9355,-72.8704,-72.8251,-72.8085,-72.8306,-72.9017,-73.0308
3.24,-74.4821,-74.5478,-74.6167,-74.6626,-74.6826,-74.6803,-74.6607,-74.6278,-74.5851,-74.5351,-74.4794,-74.4194,-74.3557,-74.289,-74.2195,-74.1475,-74.0731,-73.9963,-73.9171,-73.8355,-73.7515,-73.6653,-73.5768,-73.4865,-73.3947,-73.3021,-73.2098,-73.1196,-73.0339,-72.9564,-72.8919,-72.8472,-72.8311,-72.8535,-72.9246,-73.0535
3.245,-74.4919,-74.5576,-74.6266,-74.6725,-74.6926,-74.6905,-74.6711,-74.6384,-74.596,-74.5462,-74.4908,-74.4311,-74.3677,-74.3013,-74.2322,-74.1606,-74.0866,-74.0101,-73.9314,-73.8502,-73.7668,-73.681,-73.5931,-73.5033,-73.4121,-73.3201,-73.2285,-73.139,-73.054,-72.9771,-72.9132,-72.8692,-72.8535,-72.8762,-72.9474,-73.076
3.25,-74.5017,-74.5674,-74.6364,-74.6824,-74.7026,-74.7007,-74.6814,-74.649,-74.6068,-74.5573,-74.5022,-74.4427,-74.3797,-74.3136,-74.2449,-74.1736,-74.0999,-74.0239,-73.9456,-73.8649,-73.7819,-73.6966,-73.6093,-73.52,-73.4294,-73.338,-73.247,-73.1582,-73.0738,-72.9976,-72.9344,-72.8909,-72.8757,-72.8987,-72.97,-73.0984
3.255,-74.5114,-74.5772,-74.6462,-74.6923,-74.7126,-74.7108,-74.6917,-74.6596,-74.6176,-74.5683,-74.5135,-74.4543,-74.3916,-74.3259,-74.2574,-74.1865,-74.1132,-74.0376,-73.9597,-73.8795,-73.7969,-73.7122,-73.6253,-73.5366,-73.4465,-73.3558,-73.2655,-73.1772,-73.0936,-73.018,-72.9554,-72.9125,-72.8977,-72.921,-72.9924,-73.1205
3.26,-74.5211,-74.587,-74.656,-74.7021,-74.7225,-74.7209,-74.702,-74.67,-74.6283,-74.5793,-74.5248,-74.4659,-74.4034,-74.338,-74.2699,-74.1994,-74.1265,-74.0513,-73.9738,-73.894,-73.8119,-73.7276,-73.6413,-73.5531,-73.4636,-73.3735,-73.2838,-73.1962,-73.1132,-73.0383,-72.9763,-72.9339,-72.9196,-72.9432,-73.0146,-73.1425
3.265,-74.5308,-74.5967,-74.6657,-74.7119,-74.7324,-74.731,-74.7122,-74.6805,-74.639,-74.5903,-74.536,-74.4774,-74.4152,-74.3501,-74.2824,-74.2122,-74.1397,-74.0648,-73.9877,-73.9084,-73.8268,-73.743,-73.6571,-73.5695,-73.4806,-73.391,-73.302,-73.215,-73.1327,-73.0584,-72.997,-72.9552,-72.9413,-72.9651,-73.0366,-73.1643
3.27,-74.5404,-74.6063,-74.6754,-74.7217,-74.7423,-74.741,-74.7224,-74.6909,-74.6496,-74.6011,-74.5471,-74.4888,-74.427,-74.3622,-74.2948,-74.2249,-74.1528,-74.0783,-74.0016,-73.9227,-73.8415,-73.7582,-73.6729,-73.5858,-73.4975,-73.4085,-73.32,-73.2337,-73.152,-73.0783,-73.0176,-72.9763,-72.9629,-72.987,-73.0585,-73.1859
3.275,-74.55,-74.616,-74.6851,-74.7314,-74.7521,-74.7509,-74.7326,-74.7012,-74.6602,-74.612,-74.5582,-74.5002,-74.4387,-74.3742,-74.3071,-74.2376,-74.1658,-74.0918,-74.0155,-73.937,-73.8562,-73.7734,-73.6886,-73.6021,-73.5142,-73.4258,-73.338,-73.2523,-73.1712,-73.0982,-73.038,-72.9973,-72.9843,-73.0086,-73.0802,-73.2074
3.28,-74.5596,-74.6255,-74.6947,-74.7411,-74.7619,-74.7609,-74.7427,-74.7116,-74.6708,-74.6228,-74.5693,-74.5115,-74.4503,-74.3861,-74.3194,-74.2502,-74.1788,-74.1051,-74.0292,-73.9511,-73.8709,-73.7885,-73.7042,-73.6182,-73.5309,-73.4431,-73.3558,-73.2707,-73.1903,-73.1179,-73.0583,-73.0181,-73.0055,-73.0301,-73.1017,-73.2287
3.285,-74.5691,-74.6351,-74.7043,-74.7507,-74.7716,-74.7707,-74.7527,-74.7218,-74.6813,-74.6335,-74.5803,-74.5228,-74.4619,-74.398,-74.3316,-74.2628,-74.1917,-74.1184,-74.0429,-73.9652,-73.8854,-73.8035,-73.7197,-73.6342,-73.5475,-73.4602,-73.3735,-73.2891,-73.2092,-73.1374,-73.0784,-73.0387,-73.0266,-73.0514,-73.1231,-73.2498
3.29,-74.5786,-74.6446,-74.7138,-74.7603,-74.7813,-74.7806,-74.7628,-74.7321,-74.6917,-74.6442,-74.5912,-74.534,-74.4734,-74.4099,-74.3437,-74.2753,-74.2045,-74.1316,-74.0565,-73.9793,-73.8999,-73.8184,-73.7351,-73.6501,-73.5639,-73.4772,-73.3911,-73.3073,-73.228,-73.1568,-73.0984,-73.0593,-73.0475,-73.0726,-73.1443,-73.2708
3.295,-74.5881,-74.6541,-74.7233,-74.7698,-74.791,-74.7904,-74.7728,-74.7422,-74.7021,-74.6549,-74.6022,-74.5452,-74.4849,-74.4216,-74.3558,-74.2877,-74.2173,-74.1448,-74.0701,-73.9932,-73.9143,-73.8333,-73.7504,-73.6659,-73.5803,-73.4941,-73.4086,-73.3254,-73.2467,-73.1761,-73.1183,-73.0796,-73.0682,-73.0936,-73.1653,-73.2916
3.3,-74.5975,-74.6636,-74.7328,-74.7794,-74.8006,-74.8002,-74.7827,-74.7524,-74.7125,-74.6655,-74.613,-74.5564,-74.4963,-74.4333,-74.3679,-74.3001,-74.23,-74.1579,-74.0835,-74.0071,-73.9286,-73.848,-73.7657,-73.6817,-73.5965,-73.511,-73.426,-73.3433,-73.2653,-73.1953,-73.138,-73.0998,-73.0889,-73.1145,-73.1862,-73.3122
3.305,-74.6069,-74.673,-74.7422,-74.7889,-74.8102,-74.8099,-74.7926,-74.7625,-74.7228,-74.676,-74.6238,-74.5674,-74.5077,-74.445,-74.3799,-74.3124,-74.2427,-74.1709,-74.0969,-74.0209,-73.9428,-73.8627,-73.7808,-73.6973,-73.6127,-73.5277,-73.4433,-73.3612,-73.2837,-73.2143,-73.1576,-73.1199,-73.1093,-73.1352,-73.2069,-73.3327
3.31,-74.6162,-74.6824,-74.7516,-74.7983,-74.8198,-74.8196,-74.8025,-74.7725,-74.7331,-74.6865,-74.6346,-74.5785,-74.519,-74.4566,-74.3918,-74.3246,-74.2553,-74.1838,-74.1103,-74.0346,-73.957,-73.8773,-73.7959,-73.7129,-73.6288,-73.5443,-73.4605,-73.3789,-73.3021,-73.2332,-73.177,-73.1398,-73.1296,-73.1557,-73.2275,-73.353
3.315,-74.6255,-74.6917,-74.761,-74.8077,-74.8293,-74.8292,-74.8123,-74.7826,-74.7433,-74.697,-74.6453,-74.5895,-74.5302,-74.4682,-74.4036,-74.3368,-74.2678,-74.1967,-74.1235,-74.0483,-73.971,-73.8918,-73.8108,-73.7283,-73.6447,-73.5608,-73.4775,-73.3966,-73.3203,-73.252,-73.1963,-73.1596,-73.1498,-73.1761,-73.2479,-73.3732
3.32,-74.6348,-74.701,-74.7703,-74.8171,-74.8388,-74.8389,-74.8221,-74.7925,-74.7535,-74.7075,-74.656,-74.6004,-74.5415,-74.4797,-74.4155,-74.3489,-74.2803,-74.2095,-74.1367,-74.0619,-73.985,-73.9063,-73.8257,-73.7437,-73.6606,-73.5772,-73.4945,-73.4141,-73.3383,-73.2706,-73.2155,-73.1793,-73.1698,-73.1964,-73.2682,-73.3932
3.325,-74.6441,-74.7103,-74.7796,-74.8265,-74.8482,-74.8484,-74.8318,-74.8025,-74.7637,-74.7178,-74.6666,-74.6113,-74.5526,-74.4911,-74.4272,-74.361,-74.2927,-74.2223,-74.1498,-74.0754,-73.999,-73.9206,-73.8405,-73.759,-73.6764,-73.5935,-73.5113,-73.4315,-73.3563,-73.2891,-73.2345,-73.1988,-73.1897,-73.2164,-73.2883,-73.4131
3.33,-74.6533,-74.7196,-74.7889,-74.8358,-74.8576,-74.858,-74.8415,-74.8124,-74.7738,-74.7282,-74.6772,-74.6221,-74.5637,-74.5025,-74.4389,-74.373,-74.305,-74.235,-74.1629,-74.0888,-74.0128,-73.9349,-73.8553,-73.7742,-73.6921,-73.6097,-73.5281,-73.4488,-73.3742,-73.3075,-73.2535,-73.2181,-73.2094,-73.2364,-73.3082,-73.4328
3.335,-74.6625,-74.7288,-74.7981,-74.845,-74.867,-74.8675,-74.8512,-74.8222,-74.7839,-74.7385,-74.6878,-74.6329,-74.5748,-74.5139,-74.4506,-74.385,-74.3173,-74.2476,-74.1759,-74.1022,-74.0266,-73.9491,-73.8699,-73.7893,-73.7077,-73.6258,-73.5447,-73.466,-73.3919,-73.3258,-73.2722,-73.2374,-73.229,-73.2562,-73.3281,-73.4524
3.34,-74.6716,-74.7379,-74.8073,-74.8543,-74.8763,-74.8769,-74.8608,-74.8321,-74.7939,-74.7487,-74.6983,-74.6437,-74.5858,-74.5252,-74.4622,-74.3969,-74.3296,-74.2602,-74.1888,-74.1155,-74.0403,-73.9632,-73.8845,-73.8043,-73.7232,-73.6418,-73.5612,-73.483,-73.4095,-73.3439,-73.2909,-73.2565,-73.2485,-73.2759,-73.3477,-73.4719
3.345,-74.6807,-74.7471,-74.8164,-74.8635,-74.8856,-74.8864,-74.8704,-74.8418,-74.8039,-74.7589,-74.7087,-74.6544,-74.5968,-74.5364,-74.4737,-74.4088,-74.3417,-74.2727,-74.2017,-74.1288,-74.0539,-73.9773,-73.899,-73.8193,-73.7386,-73.6577,-73.5777,-73.5,-73.427,-73.362,-73.3094,-73.2755,-73.2678,-73.2954,-73.3673,-73.4912
3.35,-74.6898,-74.7562,-74.8256,-74.8727,-74.8949,-74.8958,-74.88,-74.8516,-74.8138,-74.7691,-74.7191,-74.665,-74.6077,-74.5476,-74.4852,-74.4205,-74.3538,-74.2851,-74.2145,-74.1419,-74.0675,-73.9912,-73.9134,-73.8341,-73.754,-73.6736,-73.594,-73.5169,-73.4444,-73.3799,-73.3279,-73.2943,-73.287,-73.3148,-73.3867,-73.5103
3.355,-74.6989,-74.7653,-74.8346,-74.8818,-74.9041,-74.9051,-74.8895,-74.8613,-74.8237,-74.7792,-74.7295,-74.6757,-74.6186,-74.5588,-74.4966,-74.4323,-74.3659,-74.2975,-74.2272,-74.155,-74.081,-74.0051,-73.9277,-73.8489,-73.7692,-73.6893,-73.6103,-73.5336,-73.4617,-73.3977,-73.3461,-73.313,-73.3061,-73.3341,-73.4059,-73.5294
3.36,-74.7079,-74.7743,-74.8437,-74.8909,-74.9133,-74.9145,-74.899,-74.8709,-74.8336,-74.7893,-74.7398,-74.6862,-74.6294,-74.5699,-74.508,-74.444,-74.3779,-74.3099,-74.2399,-74.1681,-74.0944,-74.019,-73.9419,-73.8636,-73.7844,-73.7049,-73.6264,-73.5503,-73.4789,-73.4154,-73.3643,-73.3316,-73.325,-73.3532,-73.4251,-73.5483
3.365,-74.7169,-74.7833,-74.8527,-74.9,-74.9225,-74.9237,-74.9084,-74.8806,-74.8434,-74.7994,-74.7501,-74.6967,-74.6402,-74.5809,-74.5193,-74.4556,-74.3898,-74.3221,-74.2525,-74.1811,-74.1078,-74.0327,-73.9561,-73.8782,-73.7994,-73.7205,-73.6425,-73.5669,-73.4959,-73.433,-73.3824,-73.3501,-73.3438,-73.3722,-73.444,-73.567
3.37,-74.7259,-74.7923,-74.8617,-74.909,-74.9316,-74.933,-74.9178,-74.8902,-74.8532,-74.8094,-74.7603,-74.7072,-74.6509,-74.5919,-74.5306,-74.4672,-74.4017,-74.3343,-74.2651,-74.194,-74.121,-74.0464,-73.9702,-73.8927,-73.8144,-73.736,-73.6584,-73.5833,-73.5129,-73.4504,-73.4003,-73.3685,-73.3625,-73.391,-73.4629,-73.5856
3.375,-74.7348,-74.8013,-74.8707,-74.918,-74.9407,-74.9422,-74.9272,-74.8997,-74.863,-74.8193,-74.7705,-74.7177,-74.6616,-74.6029,-74.5418,-74.4787,-74.4136,-74.3465,-74.2776,-74.2068,-74.1343,-74.06,-73.9842,-73.9072,-73.8293,-73.7513,-73.6743,-73.5997,-73.5298,-73.4678,-73.4181,-73.3867,-73.381,-73.4097,-73.4816,-73.6041
3.38,-74.7437,-74.8102,-74.8796,-74.927,-74.9497,-74.9514,-74.9365,-74.9092,-74.8727,-74.8293,-74.7806,-74.7281,-74.6722,-74.6138,-74.553,-74.4902,-74.4253,-74.3586,-74.29,-74.2196,-74.1474,-74.0735,-73.9982,-73.9216,-73.8441,-73.7666,-73.69,-73.6159,-73.5465,-73.485,-73.4358,-73.4048,-73.3994,-73.4283,-73.5002,-73.6225
3.385,-74.7525,-74.8191,-74.8885,-74.9359,-74.9588,-74.9605,-74.9458,-74.9187,-74.8824,-74.8391,-74.7908,-74.7384,-74.6828,-74.6247,-74.5642,-74.5016,-74.437,-74.3706,-74.3024,-74.2323,-74.1605,-74.087,-74.012,-73.9359,-73.8589,-73.7818,-73.7057,-73.6321,-73.5632,-73.5022,-73.4534,-73.4228,-73.4177,-73.4468,-73.5187,-73.6407
3.39,-74.7614,-74.8279,-74.8974,-74.9448,-74.9678,-74.9697,-74.9551,-74.9281,-74.892,-74.849,-74.8008,-74.7487,-74.6934,-74.6355,-74.5752,-74.5129,-74.4487,-74.3826,-74.3147,-74.245,-74.1735,-74.1004,-74.0258,-73.9501,-73.8735,-73.7969,-73.7213,-73.6481,-73.5797,-73.5192,-73.4709,-73.4406,-73.4359,-73.4651,-73.537,-73.6588
3.395,-74.7702,-74.8367,-74.9062,-74.9537,-74.9767,-74.9787,-74.9643,-74.9376,-74.9016,-74.8588,-74.8109,-74.759,-74.7039,-74.6462,-74.5863,-74.5243,-74.4603,-74.3945,-74.3269,-74.2575,-74.1865,-74.1137,-74.0396,-73.9642,-73.8881,-73.812,-73.7368,-73.6641,-73.5962,-73.5361,-73.4882,-73.4584,-73.4539,-73.4834,-73.5552,-73.6768
3.4,-74.779,-74.8455,-74.915,-74.9626,-74.9856,-74.9878,-74.9735,-74.9469,-74.9111,-74.8686,-74.8208,-74.7692,-74.7144,-74.6569,-74.5973,-74.5355,-74.4719,-74.4064,-74.3391,-74.2701,-74.1993,-74.127,-74.0532,-73.9783,-73.9026,-73.8269,-73.7522,-73.68,-73.6125,-73.5529,-73.5055,-73.476,-73.4719,-73.5015,-73.5733,-73.6946
3.405,-74.7877,-74.8543,-74.9238,-74.9714,-74.9945,-74.9968,-74.9827,-74.9563,-74.9207,-74.8783,-74.8308,-74.7793,-74.7248,-74.6676,-74.6082,-74.5467,-74.4834,-74.4182,-74.3512,-74.2825,-74.2122,-74.1402,-74.0668,-73.9923,-73.917,-73.8418,-73.7675,-73.6958,-73.6288,-73.5696,-73.5226,-73.4936,-73.4897,-73.5194,-73.5913,-73.7124
3.41,-74.7964,-74.863,-74.9325,-74.9802,-75.0034,-75.0058,-74.9918,-74.9656,-74.9302,-74.888,-74.8407,-74.7895,-74.7351,-74.6782,-74.6191,-74.5579,-74.4948,-74.43,-74.3633,-74.295,-74.2249,-74.1533,-74.0803,-74.0062,-73.9313,-73.8565,-73.7827,-73.7115,-73.6449,-73.5862,-73.5397,-73.511,-73.5074,-73.5373,-73.6091,-73.73
3.415,-74.8051,-74.8717,-74.9412,-74.9889,-75.0122,-75.0147,-75.0009,-74.9748,-74.9396,-74.8976,-74.8505,-74.7996,-74.7455,-74.6888,-74.6299,-74.569,-74.5062,-74.4417,-74.3753,-74.3073,-74.2376,-74.1664,-74.0938,-74.02,-73.9456,-73.8712,-73.7979,-73.7271,-73.661,-73.6027,-73.5566,-73.5283,-73.525,-73.555,-73.6268,-73.7475
3.42,-74.8138,-74.8804,-74.9499,-74.9976,-75.021,-75.0236,-75.01,-74.984,-74.949,-74.9072,-74.8604,-74.8096,-74.7558,-74.6993,-74.6407,-74.5801,-74.5176,-74.4533,-74.3873,-74.3196,-74.2502,-74.1794,-74.1071,-74.0338,-73.9598,-73.8858,-73.8129,-73.7426,-73.677,-73.6192,-73.5734,-73.5455,-73.5424,-73.5727,-73.6444,-73.7649
3.425,-74.8224,-74.8891,-74.9585,-75.0063,-75.0298,-75.0325,-75.019,-74.9932,-74.9584,-74.9168,-74.8702,-74.8196,-74.766,-74.7098,-74.6515,-74.5911,-74.5289,-74.4649,-74.3992,-74.3318,-74.2628,-74.1923,-74.1204,-74.0475,-73.9739,-73.9003,-73.8279,-73.758,-73.6928,-73.6355,-73.5901,-73.5625,-73.5598,-73.5902,-73.6619,-73.7821
3.43,-74.831,-74.8977,-74.9672,-75.015,-75.0385,-75.0414,-75.028,-75.0024,-74.9677,-74.9263,-74.8799,-74.8296,-74.7762,-74.7203,-74.6622,-74.6021,-74.5401,-74.4764,-74.411,-74.344,-74.2753,-74.2052,-74.1337,-74.0611,-73.9879,-73.9148,-73.8428,-73.7733,-73.7086,-73.6517,-73.6068,-73.5795,-73.577,-73.6076,-73.6793,-73.7993
3.435,-74.8395,-74.9062,-74.9758,-75.0236,-75.0472,-75.0502,-75.0369,-75.0115,-74.977,-74.9358,-74.8896,-74.8395,-74.7864,-74.7307,-74.6728,-74.613,-74.5513,-74.4879,-74.4228,-74.3561,-74.2878,-74.2179,-74.1468,-74.0746,-74.0019,-73.9292,-73.8576,-73.7886,-73.7243,-73.6678,-73.6233,-73.5964,-73.5942,-73.6248,-73.6965,-73.8163
3.44,-74.8481,-74.9148,-74.9843,-75.0322,-75.0559,-75.059,-75.0459,-75.0206,-74.9863,-74.9453,-74.8993,-74.8494,-74.7965,-74.741,-74.6834,-74.6239,-74.5625,-74.4994,-74.4346,-74.3681,-74.3002,-74.2307,-74.1599,-74.0881,-74.0157,-73.9435,-73.8723,-73.8037,-73.7399,-73.6838,-73.6397,-73.6131,-73.6112,-73.642,-73.7137,-73.8332
3.445,-74.8566,-74.9233,-74.9928,-75.0407,-75.0645,-75.0677,-75.0548,-75.0296,-74.9955,-74.9547,-74.9089,-74.8593,-74.8066,-74.7514,-74.694,-74.6347,-74.5736,-74.5107,-74.4463,-74.3801,-74.3125,-74.2434,-74.1729,-74.1015,-74.0295,-73.9577,-73.8869,-73.8188,-73.7554,-73.6997,-73.656,-73.6298,-73.6281,-73.6591,-73.7307,-73.85
3.45,-74.8651,-74.9318,-75.0013,-75.0493,-75.0732,-75.0764,-75.0636,-75.0387,-75.0047,-74.9641,-74.9185,-74.8691,-74.8166,-74.7616,-74.7045,-74.6455,-74.5846,-74.5221,-74.4579,-74.3921,-74.3247,-74.256,-74.1859,-74.1149,-74.0433,-73.9718,-73.9015,-73.8338,-73.7708,-73.7155,-73.6722,-73.6463,-73.6449,-73.676,-73.7476,-73.8667
3.455,-74.8735,-74.9403,-75.0098,-75.0578,-75.0817,-75.0851,-75.0724,-75.0477,-75.0139,-74.9735,-74.9281,-74.8788,-74.8266,-74.7719,-74.715,-74.6562,-74.5956,-74.5334,-74.4695,-74.404,-74.337,-74.2685,-74.1988,-74.1281,-74.0569,-73.9859,-73.9159,-73.8486,-73.7861,-73.7313,-73.6883,-73.6628,-73.6616,-73.6928,-73.7645,-73.8833
3.46,-74.882,-74.9487,-75.0183,-75.0663,-75.0903,-75.0938,-75.0812,-75.0566,-75.023,-74.9828,-74.9376,-74.8886,-74.8365,-74.782,-74.7254,-74.6669,-74.6066,-74.5446,-74.481,-74.4158,-74.3491,-74.281,-74.2116,-74.1413,-74.0705,-73.9999,-73.9303,-73.8635,-73.8013,-73.7469,-73.7044,-73.6792,-73.6782,-73.7096,-73.7812,-73.8998
3.465,-74.8904,-74.9571,-75.0267,-75.0747,-75.0988,-75.1024,-75.09,-75.0655,-75.0321,-74.9921,-74.9471,-74.8983,-74.8465,-74.7922,-74.7358,-74.6775,-74.6175,-74.5558,-74.4925,-74.4276,-74.3612,-74.2934,-74.2244,-74.1545,-74.084,-74.0138,-73.9447,-73.8782,-73.8165,-73.7625,-73.7203,-73.6954,-73.6947,-73.7262,-73.7977,-73.9161
3.47,-74.8987,-74.9655,-75.0351,-75.0831,-75.1073,-75.111,-75.0987,-75.0744,-75.0412,-75.0013,-74.9565,-74.9079,-74.8563,-74.8023,-74.7461,-74.6881,-74.6283,-74.5669,-74.5039,-74.4393,-74.3732,-74.3058,-74.2371,-74.1676,-74.0975,-74.0276,-73.9589,-73.8928,-73.8315,-73.7779,-73.7361,-73.7116,-73.7111,-73.7427,-73.8142,-73.9324
3.475,-74.9071,-74.9739,-75.0434,-75.0915,-75.1158,-75.1196,-75.1074,-75.0833,-75.0502,-75.0105,-74.9659,-74.9175,-74.8662,-74.8123,-74.7564,-74.6987,-74.6391,-74.578,-74.5152,-74.451,-74.3852,-74.3181,-74.2498,-74.1806,-74.1109,-74.0414,-73.9731,-73.9074,-73.8465,-73.7933,-73.7519,-73.7276,-73.7274,-73.7591,-73.8306,-73.9486
3.48,-74.9154,-74.9822,-75.0517,-75.0999,-75.1242,-75.1281,-75.1161,-75.0921,-75.0592,-75.0197,-74.9753,-74.9271,-74.8759,-74.8224,-74.7667,-74.7092,-74.6499,-74.589,-74.5266,-74.4626,-74.3971,-74.3303,-74.2624,-74.1935,-74.1242,-74.0551,-73.9871,-73.9219,-73.8614,-73.8086,-73.7675,-73.7436,-73.7436,-73.7755,-73.8469,-73.9646
3.485,-74.9237,-74.9905,-75.06,-75.1082,-75.1326,-75.1366,-75.1247,-75.1009,-75.0681,-75.0288,-74.9846,-74.9366,-74.8857,-74.8323,-74.7769,-74.7196,-74.6606,-74.6,-74.5378,-74.4741,-74.409,-74.3425,-74.2749,-74.2064,-74.1374,-74.0687,-74.0012,-73.9363,-73.8762,-73.8238,-73.7831,-73.7594,-73.7597,-73.7917,-73.8631,-73.9806
3.49,-74.9319,-74.9988,-75.0683,-75.1165,-75.141,-75.1451,-75.1334,-75.1096,-75.0771,-75.0379,-74.9939,-74.9461,-74.8954,-74.8423,-74.7871,-74.73,-74.6713,-74.6109,-74.549,-74.4856,-74.4208,-74.3546,-74.2873,-74.2192,-74.1506,-74.0822,-74.0151,-73.9506,-73.8909,-73.8389,-73.7985,-73.7752,-73.7757,-73.8078,-73.8792,-73.9964
3.495,-74.9402,-75.007,-75.0766,-75.1248,-75.1493,-75.1536,-75.1419,-75.1184,-75.086,-75.047,-75.0032,-74.9556,-74.9051,-74.8522,-74.7972,-74.7404,-74.6819,-74.6218,-74.5602,-74.4971,-74.4325,-74.3667,-74.2997,-74.2319,-74.1637,-74.0957,-74.029,-73.9649,-73.9056,-73.8539,-73.8139,-73.7909,-73.7916,-73.8238,-73.8951,-74.0122
3.5,-74.9484,-75.0152,-75.0848,-75.133,-75.1576,-75.162,-75.1505,-75.1271,-75.0948,-75.0561,-75.0124,-74.965,-74.9147,-74.862,-74.8073,-74.7507,-74.6925,-74.6327,-74.5713,-74.5085,-74.4443,-74.3787,-74.3121,-74.2446,-74.1767,-74.1091,-74.0427,-73.9791,-73.9201,-73.8688,-73.8292,-73.8065,-73.8074,-73.8397,-73.911,-74.0279
3.505,-74.9566,-75.0234,-75.093,-75.1413,-75.1659,-75.1704,-75.159,-75.1357,-75.1037,-75.0651,-75.0216,-74.9744,-74.9243,-74.8719,-74.8173,-74.761,-74.703,-74.6435,-74.5824,-74.5198,-74.4559,-74.3907,-74.3244,-74.2572,-74.1897,-74.1225,-74.0565,-73.9932,-73.9346,-73.8837,-73.8444,-73.822,-73.8231,-73.8555,-73.9268,-74.0434
3.51,-74.9647,-75.0316,-75.1011,-75.1495,-75.1742,-75.1787,-75.1675,-75.1444,-75.1124,-75.074,-75.0308,-74.9838,-74.9339,-74.8816,-74.8273,-74.7713,-74.7135,-74.6542,-74.5934,-74.5311,-74.4675,-74.4026,-74.3366,-74.2698,-74.2026,-74.1357,-74.0701,-74.0072,-73.949,-73.8984,-73.8595,-73.8374,-73.8388,-73.8713,-73.9425,-74.0589
3.515,-74.9728,-75.0397,-75.1093,-75.1576,-75.1824,-75.187,-75.1759,-75.153,-75.1212,-75.083,-75.0399,-74.9931,-74.9434,-74.8914,-74.8373,-74.7815,-74.724,-74.6649,-74.6043,-74.5424,-74.479,-74.4144,-74.3488,-74.2823,-74.2155,-74.1489,-74.0837,-74.0211,-73.9633,-73.9131,-73.8745,-73.8527,-73.8543,-73.8869,-73.9581,-74.0742
3.52,-74.9809,-75.0478,-75.1174,-75.1658,-75.1906,-75.1954,-75.1844,-75.1615,-75.1299,-75.0919,-75.049,-75.0024,-74.9529,-74.9011,-74.8472,-74.7916,-74.7344,-74.6756,-74.6153,-74.5536,-74.4905,-74.4262,-74.3609,-74.2947,-74.2282,-74.1621,-74.0972,-74.035,-73.9776,-73.9277,-73.8894,-73.8679,-73.8697,-73.9024,-73.9735,-74.0895
3.525,-74.989,-75.0559,-75.1255,-75.1739,-75.1988,-75.2036,-75.1928,-75.1701,-75.1386,-75.1007,-75.058,-75.0116,-74.9624,-74.9107,-74.8571,-74.8017,-74.7447,-74.6862,-74.6261,-74.5647,-74.5019,-74.438,-74.3729,-74.3071,-74.2409,-74.1751,-74.1106,-74.0488,-73.9917,-73.9422,-73.9043,-73.883,-73.885,-73.9179,-73.9889,-74.1047
3.53,-74.9971,-75.064,-75.1335,-75.182,-75.2069,-75.2119,-75.2011,-75.1786,-75.1473,-75.1096,-75.0671,-75.0209,-74.9718,-74.9204,-74.867,-74.8118,-74.755,-74.6967,-74.637,-74.5758,-74.5133,-74.4496,-74.3849,-74.3194,-74.2536,-74.1881,-74.124,-74.0625,-74.0058,-73.9567,-73.919,-73.8981,-73.9003,-73.9332,-74.0042,-74.1198
3.535,-75.0051,-75.072,-75.1415,-75.19,-75.2151,-75.2201,-75.2095,-75.1871,-75.156,-75.1184,-75.076,-75.03,-74.9812,-74.93,-74.8768,-74.8218,-74.7653,-74.7072,-74.6477,-74.5869,-74.5247,-74.4613,-74.3968,-74.3317,-74.2662,-74.2011,-74.1373,-74.0762,-74.0198,-73.971,-73.9337,-73.913,-73.9155,-73.9485,-74.0195,-74.1348
3.54,-75.0131,-75.08,-75.1495,-75.198,-75.2232,-75.2283,-75.2178,-75.1955,-75.1646,-75.1272,-75.085,-75.0392,-74.9905,-74.9395,-74.8865,-74.8318,-74.7755,-74.7177,-74.6585,-74.5979,-74.5359,-74.4728,-74.4087,-74.3439,-74.2787,-74.2139,-74.1505,-74.0898,-74.0338,-73.9853,-73.9483,-73.9279,-73.9305,-73.9636,-74.0346,-74.1497
3.545,-75.0211,-75.088,-75.1575,-75.206,-75.2312,-75.2364,-75.2261,-75.2039,-75.1731,-75.1359,-75.0939,-75.0483,-74.9998,-74.949,-74.8963,-74.8418,-74.7857,-74.7281,-74.6692,-74.6088,-74.5472,-74.4843,-74.4205,-74.356,-74.2912,-74.2267,-74.1636,-74.1033,-74.0476,-73.9995,-73.9628,-73.9427,-73.9455,-73.9787,-74.0496,-74.1645
3.55,-75.029,-75.096,-75.1655,-75.214,-75.2393,-75.2446,-75.2343,-75.2123,-75.1817,-75.1446,-75.1028,-75.0574,-75.0091,-74.9585,-74.906,-74.8517,-74.7958,-74.7385,-74.6798,-74.6197,-74.5583,-74.4958,-74.4323,-74.3681,-74.3036,-74.2395,-74.1767,-74.1167,-74.0614,-74.0137,-73.9773,-73.9574,-73.9604,-73.9937,-74.0646,-74.1792
3.555,-75.0369,-75.1039,-75.1734,-75.222,-75.2473,-75.2527,-75.2425,-75.2207,-75.1902,-75.1533,-75.1117,-75.0664,-75.0183,-74.9679,-74.9156,-74.8616,-74.8059,-74.7489,-74.6904,-74.6306,-74.5695,-74.5072,-74.444,-74.3801,-74.3159,-74.2522,-74.1897,-74.1301,-74.0751,-74.0277,-73.9916,-73.972,-73.9752,-74.0086,-74.0794,-74.1939
3.56,-75.0449,-75.1118,-75.1813,-75.2299,-75.2553,-75.2608,-75.2507,-75.229,-75.1987,-75.162,-75.1205,-75.0754,-75.0275,-74.9773,-74.9252,-74.8714,-74.816,-74.7592,-74.7009,-74.6414,-74.5806,-74.5186,-74.4557,-74.3921,-74.3282,-74.2648,-74.2027,-74.1434,-74.0888,-74.0417,-74.0059,-73.9866,-73.99,-74.0234,-74.0942,-74.2084
3.565,-75.0527,-75.1197,-75.1892,-75.2378,-75.2632,-75.2688,-75.2589,-75.2373,-75.2071,-75.1706,-75.1293,-75.0844,-75.0367,-74.9867,-74.9348,-74.8812,-74.826,-74.7694,-74.7114,-74.6521,-74.5916,-74.5299,-74.4673,-74.404,-74.3405,-74.2773,-74.2156,-74.1566,-74.1023,-74.0556,-74.0201,-74.001,-74.0046,-74.0382,-74.1089,-74.2229
3.57,-75.0606,-75.1275,-75.197,-75.2457,-75.2712,-75.2768,-75.267,-75.2456,-75.2156,-75.1792,-75.138,-75.0933,-75.0458,-74.996,-74.9443,-74.8909,-74.836,-74.7796,-74.7219,-74.6628,-74.6026,-74.5412,-74.4788,-74.4158,-74.3526,-74.2898,-74.2284,-74.1698,-74.1158,-74.0694,-74.0343,-74.0154,-74.0192,-74.0528,-74.1235,-74.2373
3.575,-75.0684,-75.1354,-75.2048,-75.2535,-75.2791,-75.2848,-75.2752,-75.2539,-75.224,-75.1877,-75.1468,-75.1022,-75.0549,-75.0053,-74.9538,-74.9007,-74.8459,-74.7898,-74.7323,-74.6735,-74.6135,-74.5524,-74.4903,-74.4276,-74.3647,-74.3023,-74.2412,-74.1829,-74.1293,-74.0832,-74.0483,-74.0297,-74.0337,-74.0674,-74.138,-74.2516
3.58,-75.0762,-75.1432,-75.2126,-75.2614,-75.2869,-75.2928,-75.2832,-75.2621,-75.2323,-75.1962,-75.1555,-75.1111,-75.064,-75.0146,-74.9633,-74.9103,-74.8558,-74.7999,-74.7427,-74.6841,-74.6244,-74.5635,-74.5018,-74.4394,-74.3768,-74.3146,-74.2539,-74.1959,-74.1426,-74.0968,-74.0623,-74.0439,-74.0481,-74.0818,-74.1524,-74.2658
3.585,-75.084,-75.151,-75.2204,-75.2691,-75.2948,-75.3008,-75.2913,-75.2703,-75.2407,-75.2047,-75.1641,-75.1199,-75.073,-75.0238,-74.9727,-74.92,-74.8657,-74.81,-74.753,-74.6947,-74.6352,-74.5746,-74.5132,-74.4511,-74.3888,-74.327,-74.2665,-74.2089,-74.1559,-74.1105,-74.0762,-74.0581,-74.0624,-74.0962,-74.1667,-74.2799
3.59,-75.0917,-75.1587,-75.2282,-75.2769,-75.3026,-75.3087,-75.2993,-75.2784,-75.249,-75.2132,-75.1728,-75.1288,-75.082,-75.033,-74.9821,-74.9296,-74.8755,-74.8201,-74.7633,-74.7052,-74.646,-74.5857,-74.5245,-74.4627,-74.4007,-74.3392,-74.2791,-74.2218,-74.1692,-74.124,-74.09,-74.0721,-74.0766,-74.1106,-74.181,-74.294
3.595,-75.0995,-75.1664,-75.2359,-75.2847,-75.3104,-75.3166,-75.3073,-75.2866,-75.2572,-75.2216,-75.1814,-75.1375,-75.091,-75.0421,-74.9915,-74.9391,-74.8853,-74.8301,-74.7735,-74.7157,-74.6568,-74.5967,-74.5358,-74.4743,-74.4126,-74.3514,-74.2916,-74.2346,-74.1823,-74.1375,-74.1037,-74.0861,-74.0908,-74.1248,-74.1952,-74.3079
3.6,-75.1072,-75.1742,-75.2436,-75.2924,-75.3182,-75.3244,-75.3153,-75.2947,-75.2655,-75.23,-75.1899,-75.1463,-75.0999,-75.0513,-75.0008,-74.9486,-74.895,-74.84,-74.7837,-74.7262,-74.6674,-74.6077,-74.547,-74.4858,-74.4244,-74.3635,-74.3041,-74.2474,-74.1954,-74.1508,-74.1174,-74.1,-74.1049,-74.1389,-74.2093,-74.3218
3.605,-75.1149,-75.1818,-75.2513,-75.3001,-75.326,-75.3323,-75.3233,-75.3027,-75.2737,-75.2384,-75.1985,-75.155,-75.1088,-75.0603,-75.0101,-74.9581,-74.9047,-74.85,-74.7939,-74.7366,-74.6781,-74.6186,-74.5582,-74.4973,-74.4362,-74.3756,-74.3165,-74.2601,-74.2084,-74.1642,-74.131,-74.1139,-74.1189,-74.153,-74.2233,-74.3356
3.61,-75.1225,-75.1895,-75.2589,-75.3078,-75.3337,-75.3401,-75.3312,-75.3108,-75.2819,-75.2468,-75.207,-75.1637,-75.1176,-75.0694,-75.0193,-74.9676,-74.9144,-74.8598,-74.804,-74.7469,-74.6887,-74.6295,-74.5694,-74.5087,-74.4479,-74.3876,-74.3288,-74.2727,-74.2214,-74.1774,-74.1446,-74.1276,-74.1328,-74.167,-74.2372,-74.3494
3.615,-75.1302,-75.1971,-75.2666,-75.3154,-75.3414,-75.3479,-75.3391,-75.3188,-75.2901,-75.2551,-75.2155,-75.1723,-75.1265,-75.0784,-75.0285,-74.977,-74.924,-74.8697,-74.8141,-74.7572,-74.6993,-74.6403,-74.5805,-74.5201,-74.4596,-74.3996,-74.3411,-74.2853,-74.2343,-74.1906,-74.158,-74.1413,-74.1467,-74.1809,-74.2511,-74.363
3.62,-75.1378,-75.2048,-75.2742,-75.323,-75.3491,-75.3556,-75.347,-75.3268,-75.2982,-75.2634,-75.2239,-75.181,-75.1353,-75.0874,-75.0377,-74.9864,-74.9336,-74.8795,-74.8241,-74.7675,-74.7098,-74.6511,-74.5915,-74.5314,-74.4712,-74.4115,-74.3533,-74.2978,-74.2471,-74.2037,-74.1714,-74.1549,-74.1604,-74.1948,-74.2649,-74.3766
3.625,-75.1454,-75.2123,-75.2817,-75.3306,-75.3567,-75.3634,-75.3548,-75.3348,-75.3063,-75.2716,-75.2323,-75.1895,-75.144,-75.0964,-75.0468,-74.9957,-74.9432,-74.8893,-74.8341,-74.7777,-74.7203,-74.6618,-74.6025,-74.5427,-74.4827,-74.4234,-74.3654,-74.3103,-74.2599,-74.2168,-74.1847,-74.1685,-74.1741,-74.2085,-74.2786,-74.3901
3.63,-75.153,-75.2199,-75.2893,-75.3382,-75.3644,-75.3711,-75.3626,-75.3427,-75.3144,-75.2799,-75.2407,-75.1981,-75.1528,-75.1053,-75.0559,-75.005,-74.9527,-74.899,-74.844,-74.7879,-74.7307,-74.6725,-74.6134,-74.5539,-74.4943,-74.4352,-74.3775,-74.3227,-74.2726,-74.2298,-74.198,-74.182,-74.1878,-74.2222,-74.2922,-74.4035
3.635,-75.1605,-75.2275,-75.2968,-75.3458,-75.372,-75.3788,-75.3704,-75.3506,-75.3225,-75.2881,-75.2491,-75.2066,-75.1615,-75.1142,-75.065,-75.0143,-74.9622,-74.9087,-74.854,-74.7981,-74.7411,-74.6831,-74.6243,-74.5651,-74.5057,-74.4469,-74.3896,-74.335,-74.2852,-74.2427,-74.2112,-74.1954,-74.2013,-74.2359,-74.3058,-74.4169
3.64,-75.168,-75.235,-75.3044,-75.3533,-75.3796,-75.3864,-75.3782,-75.3585,-75.3305,-75.2963,-75.2574,-75.2151,-75.1701,-75.123,-75.0741,-75.0235,-74.9716,-74.9183,-74.8638,-74.8082,-74.7514,-74.6937,-74.6352,-74.5762,-74.5171,-74.4586,-74.4015,-74.3473,-74.2978,-74.2556,-74.2243,-74.2087,-74.2148,-74.2494,-74.3193,-74.4301
3.645,-75.1755,-75.2425,-75.3118,-75.3608,-75.3871,-75.3941,-75.3859,-75.3664,-75.3385,-75.3044,-75.2657,-75.2236,-75.1788,-75.1318,-75.0831,-75.0327,-74.981,-74.9279,-74.8737,-74.8182,-74.7617,-74.7042,-74.646,-74.5872,-74.5285,-74.4702,-74.4135,-74.3595,-74.3103,-74.2683,-74.2373,-74.222,-74.2282,-74.2629,-74.3327,-74.4433
3.65,-75.183,-75.25,-75.3193,-75.3683,-75.3947,-75.4017,-75.3936,-75.3742,-75.3465,-75.3125,-75.274,-75.232,-75.1874,-75.1406,-75.092,-75.0419,-74.9903,-74.9375,-74.8835,-74.8282,-74.772,-74.7147,-74.6567,-74.5983,-74.5397,-74.4818,-74.4253,-74.3717,-74.3227,-74.2811,-74.2503,-74.2352,-74.2416,-74.2763,-74.346,-74.4565
3.655,-75.1905,-75.2574,-75.3268,-75.3758,-75.4022,-75.4093,-75.4013,-75.3821,-75.3544,-75.3206,-75.2823,-75.2404,-75.196,-75.1494,-75.101,-75.051,-74.9997,-74.9471,-74.8932,-74.8382,-74.7822,-74.7252,-74.6674,-74.6092,-74.551,-74.4933,-74.4371,-74.3838,-74.3351,-74.2937,-74.2632,-74.2483,-74.2548,-74.2896,-74.3593,-74.4695
3.66,-75.1979,-75.2648,-75.3342,-75.3832,-75.4097,-75.4169,-75.409,-75.3898,-75.3623,-75.3287,-75.2905,-75.2488,-75.2045,-75.1581,-75.1099,-75.0601,-75.009,-74.9566,-74.9029,-74.8482,-74.7923,-74.7356,-74.6781,-74.6202,-74.5622,-74.5048,-74.4489,-74.3958,-74.3474,-74.3063,-74.2761,-74.2613,-74.268,-74.3028,-74.3724,-74.4825
3.665,-75.2053,-75.2723,-75.3416,-75.3906,-75.4171,-75.4244,-75.4166,-75.3976,-75.3702,-75.3367,-75.2987,-75.2572,-75.213,-75.1668,-75.1187,-75.0692,-75.0182,-74.966,-74.9126,-74.858,-74.8025,-74.746,-74.6887,-74.6311,-74.5733,-74.5162,-74.4606,-74.4078,-74.3597,-74.3189,-74.2889,-74.2743,-74.2812,-74.316,-74.3856,-74.4954
3.67,-75.2127,-75.2796,-75.349,-75.398,-75.4246,-75.4319,-75.4243,-75.4053,-75.3781,-75.3447,-75.3068,-75.2655,-75.2215,-75.1754,-75.1276,-75.0782,-75.0275,-74.9754,-74.9222,-74.8679,-74.8126,-74.7563,-74.6993,-74.6419,-74.5844,-74.5276,-74.4723,-74.4198,-74.3719,-74.3314,-74.3016,-74.2872,-74.2942,-74.3291,-74.3986,-74.5083
3.675,-75.2201,-75.287,-75.3563,-75.4054,-75.432,-75.4394,-75.4319,-75.4131,-75.3859,-75.3527,-75.315,-75.2738,-75.23,-75.1841,-75.1364,-75.0872,-75.0366,-74.9848,-74.9318,-74.8777,-74.8226,-74.7666,-74.7098,-74.6527,-74.5955,-74.5389,-74.4838,-74.4316,-74.3841,-74.3438,-74.3142,-74.3001,-74.3072,-74.3422,-74.4116,-74.5211
3.68,-75.2274,-75.2944,-75.3636,-75.4127,-75.4394,-75.4469,-75.4394,-75.4207,-75.3938,-75.3607,-75.3231,-75.2821,-75.2384,-75.1927,-75.1452,-75.0962,-75.0458,-74.9942,-74.9414,-74.8875,-74.8326,-74.7768,-74.7203,-74.6634,-74.6065,-74.5502,-74.4954,-74.4434,-74.3962,-74.3561,-74.3268,-74.3129,-74.3201,-74.3552,-74.4245,-74.5338
3.685,-75.2348,-75.3017,-75.3709,-75.42,-75.4467,-75.4543,-75.447,-75.4284,-75.4016,-75.3686,-75.3311,-75.2903,-75.2468,-75.2012,-75.1539,-75.1051,-75.0549,-75.0035,-74.9509,-74.8972,-74.8426,-74.787,-74.7308,-74.6741,-74.6174,-74.5614,-74.5069,-74.4552,-74.4082,-74.3684,-74.3394,-74.3256,-74.333,-74.3681,-74.4373,-74.5464
3.69,-75.2421,-75.309,-75.3782,-75.4273,-75.4541,-75.4618,-75.4545,-75.436,-75.4093,-75.3765,-75.3392,-75.2985,-75.2552,-75.2098,-75.1626,-75.114,-75.064,-75.0128,-74.9604,-74.9069,-74.8525,-74.7972,-74.7411,-74.6847,-74.6283,-74.5725,-74.5183,-74.4669,-74.4202,-74.3807,-74.3518,-74.3383,-74.3458,-74.3809,-74.4501,-74.559
3.695,-75.2494,-75.3163,-75.3855,-75.4346,-75.4614,-75.4692,-75.462,-75.4437,-75.4171,-75.3844,-75.3472,-75.3067,-75.2635,-75.2183,-75.1713,-75.1228,-75.0731,-75.022,-74.9698,-74.9166,-74.8624,-74.8073,-74.7515,-74.6953,-74.6392,-74.5837,-74.5297,-74.4786,-74.4321,-74.3928,-74.3642,-74.3509,-74.3585,-74.3937,-74.4628,-74.5715
3.7,-75.2566,-75.3235,-75.3927,-75.4419,-75.4687,-75.4765,-75.4695,-75.4512,-75.4248,-75.3922,-75.3552,-75.3148,-75.2718,-75.2267,-75.18,-75.1317,-75.0821,-75.0312,-74.9793,-74.9262,-74.8722,-74.8173,-74.7618,-74.7059,-74.65,-74.5947,-74.541,-74.4902,-74.444,-74.405,-74.3766,-74.3634,-74.3712,-74.4064,-74.4755,-74.5839
3.705,-75.2639,-75.3308,-75.4,-75.4491,-75.476,-75.4839,-75.4769,-75.4588,-75.4325,-75.4001,-75.3632,-75.3229,-75.2801,-75.2352,-75.1886,-75.1405,-75.091,-75.0404,-74.9886,-74.9358,-74.882,-74.8274,-74.7721,-74.7164,-74.6607,-74.6058,-74.5523,-74.5017,-74.4558,-74.417,-74.3889,-74.3759,-74.3838,-74.419,-74.4881,-74.5963
3.71,-75.2711,-75.338,-75.4072,-75.4563,-75.4833,-75.4912,-75.4844,-75.4663,-75.4401,-75.4079,-75.3711,-75.331,-75.2884,-75.2436,-75.1972,-75.1492,-75.1,-75.0496,-74.998,-74.9454,-74.8918,-74.8374,-74.7823,-74.7268,-74.6715,-74.6167,-74.5636,-74.5132,-74.4675,-74.429,-74.4011,-74.3883,-74.3963,-74.4316,-74.5006,-74.6086
3.715,-75.2783,-75.3452,-75.4143,-75.4635,-75.4905,-75.4985,-75.4918,-75.4739,-75.4478,-75.4156,-75.379,-75.3391,-75.2966,-75.252,-75.2057,-75.158,-75.1089,-75.0587,-75.0073,-74.9549,-74.9015,-74.8473,-74.7925,-74.7373,-74.6821,-74.6276,-74.5747,-74.5247,-74.4792,-74.441,-74.4133,-74.4007,-74.4088,-74.4441,-74.513,-74.6209
3.72,-75.2855,-75.3523,-75.4215,-75.4707,-75.4977,-75.5058,-75.4991,-75.4814,-75.4554,-75.4234,-75.3869,-75.3471,-75.3048,-75.2604,-75.2142,-75.1667,-75.1178,-75.0677,-75.0166,-74.9643,-74.9112,-74.8572,-74.8026,-74.7476,-74.6927,-74.6385,-74.5859,-74.536,-74.4909,-74.4528,-74.4254,-74.4129,-74.4212,-74.4566,-74.5254,-74.6331
3.725,-75.2926,-75.3595,-75.4286,-75.4778,-75.5049,-75.5131,-75.5065,-75.4888,-75.463,-75.4311,-75.3948,-75.3551,-75.3129,-75.2687,-75.2227,-75.1753,-75.1266,-75.0768,-75.0258,-74.9738,-74.9208,-74.8671,-74.8127,-74.758,-74.7033,-74.6493,-74.5969,-74.5474,-74.5025,-74.4647,-74.4374,-74.4252,-74.4336,-74.469,-74.5377,-74.6452
3.73,-75.2998,-75.3666,-75.4358,-75.485,-75.5121,-75.5203,-75.5138,-75.4963,-75.4705,-75.4388,-75.4026,-75.3631,-75.3211,-75.277,-75.2312,-75.184,-75.1355,-75.0858,-75.035,-74.9832,-74.9305,-74.8769,-74.8228,-74.7683,-74.7138,-74.6601,-74.608,-74.5587,-74.514,-74.4765,-74.4494,-74.4373,-74.4459,-74.4813,-74.55,-74.6572
3.735,-75.3069,-75.3737,-75.4429,-75.4921,-75.5192,-75.5275,-75.5211,-75.5037,-75.4781,-75.4465,-75.4104,-75.3711,-75.3292,-75.2852,-75.2396,-75.1926,-75.1442,-75.0947,-75.0442,-74.9925,-74.94,-74.8867,-74.8328,-74.7785,-74.7243,-74.6709,-74.619,-74.5699,-74.5255,-74.4882,-74.4613,-74.4495,-74.4581,-74.4936,-74.5622,-74.6692
3.74,-75.314,-75.3808,-75.4499,-75.4992,-75.5264,-75.5347,-75.5284,-75.5111,-75.4856,-75.4541,-75.4182,-75.379,-75.3373,-75.2935,-75.248,-75.2012,-75.153,-75.1037,-75.0533,-75.0019,-74.9496,-74.8964,-74.8427,-74.7887,-74.7348,-74.6815,-74.6299,-74.5811,-74.5369,-74.4998,-74.4732,-74.4615,-74.4703,-74.5058,-74.5743,-74.6812
3.745,-75.3211,-75.3879,-75.457,-75.5062,-75.5335,-75.5419,-75.5357,-75.5185,-75.4931,-75.4617,-75.426,-75.3869,-75.3453,-75.3017,-75.2564,-75.2097,-75.1617,-75.1126,-75.0624,-75.0112,-74.9591,-74.9062,-74.8527,-74.7989,-74.7452,-74.6922,-74.6408,-74.5922,-74.5483,-74.5115,-74.485,-74.4735,-74.4824,-74.5179,-74.5864,-74.6931
3.75,-75.3281,-75.395,-75.464,-75.5133,-75.5406,-75.5491,-75.5429,-75.5258,-75.5006,-75.4693,-75.4337,-75.3948,-75.3534,-75.3099,-75.2648,-75.2182,-75.1704,-75.1215,-75.0714,-75.0204,-74.9685,-74.9158,-74.8626,-74.809,-74.7555,-74.7028,-74.6516,-74.6033,-74.5596,-74.523,-74.4968,-74.4854,-74.4944,-74.53,-74.5984,-74.7049
3.755,-75.3352,-75.402,-75.471,-75.5203,-75.5476,-75.5562,-75.5502,-75.5331,-75.508,-75.4769,-75.4414,-75.4027,-75.3614,-75.318,-75.2731,-75.2267,-75.1791,-75.1303,-75.0805,-75.0296,-74.9779,-74.9255,-74.8724,-74.8191,-74.7658,-74.7133,-74.6624,-74.6144,-74.5709,-74.5345,-74.5085,-74.4973,-74.5064,-74.542,-74.6103,-74.7166
3.76,-75.3422,-75.409,-75.478,-75.5273,-75.5547,-75.5633,-75.5574,-75.5404,-75.5154,-75.4845,-75.4491,-75.4105,-75.3693,-75.3262,-75.2814,-75.2352,-75.1877,-75.1391,-75.0895,-75.0388,-74.9873,-74.9351,-74.8822,-74.8291,-74.7761,-74.7238,-74.6732,-74.6253,-74.5821,-74.546,-74.5202,-74.5091,-74.5183,-74.554,-74.6222,-74.7283
3.765,-75.3492,-75.416,-75.485,-75.5343,-75.5617,-75.5704,-75.5645,-75.5477,-75.5228,-75.492,-75.4568,-75.4183,-75.3773,-75.3343,-75.2896,-75.2436,-75.1963,-75.1479,-75.0984,-75.048,-74.9967,-74.9446,-74.892,-74.8391,-74.7863,-74.7343,-74.6839,-74.6363,-74.5933,-74.5574,-74.5318,-74.5209,-74.5302,-74.5659,-74.634,-74.74
3.77,-75.3562,-75.423,-75.492,-75.5412,-75.5687,-75.5775,-75.5717,-75.555,-75.5302,-75.4995,-75.4644,-75.4261,-75.3852,-75.3423,-75.2979,-75.252,-75.2049,-75.1566,-75.1073,-75.0571,-75.006,-74.9541,-74.9017,-74.8491,-74.7965,-74.7447,-74.6945,-74.6472,-74.6044,-74.5687,-74.5433,-74.5326,-74.542,-74.5777,-74.6458,-74.7515
3.775,-75.3632,-75.4299,-75.4989,-75.5482,-75.5757,-75.5845,-75.5788,-75.5622,-75.5376,-75.507,-75.472,-75.4338,-75.3931,-75.3504,-75.3061,-75.2604,-75.2134,-75.1653,-75.1162,-75.0662,-75.0153,-74.9636,-74.9114,-74.859,-74.8067,-74.7551,-74.7051,-74.658,-74.6155,-74.58,-74.5548,-74.5443,-74.5538,-74.5895,-74.6575,-74.7631
3.78,-75.3701,-75.4368,-75.5058,-75.5551,-75.5826,-75.5915,-75.5859,-75.5694,-75.5449,-75.5144,-75.4796,-75.4415,-75.401,-75.3584,-75.3142,-75.2687,-75.2219,-75.174,-75.1251,-75.0752,-75.0245,-74.9731,-74.9211,-74.8689,-74.8167,-74.7654,-74.7157,-74.6688,-74.6265,-74.5913,-74.5663,-74.5559,-74.5655,-74.6012,-74.6692,-74.7745
3.785,-75.377,-75.4437,-75.5127,-75.562,-75.5896,-75.5986,-75.593,-75.5766,-75.5522,-75.5219,-75.4872,-75.4492,-75.4088,-75.3664,-75.3224,-75.277,-75.2304,-75.1827,-75.1339,-75.0843,-75.0337,-74.9825,-74.9307,-74.8787,-74.8268,-74.7757,-74.7262,-74.6796,-74.6375,-74.6024,-74.5777,-74.5674,-74.5771,-74.6129,-74.6808,-74.7859
3.79,-75.3839,-75.4506,-75.5196,-75.5689,-75.5965,-75.6055,-75.6001,-75.5838,-75.5595,-75.5293,-75.4947,-75.4569,-75.4166,-75.3744,-75.3305,-75.2853,-75.2388,-75.1913,-75.1427,-75.0932,-75.0429,-74.9919,-74.9403,-74.8885,-74.8368,-74.7859,-74.7367,-74.6903,-74.6484,-74.6136,-74.589,-74.5789,-74.5887,-74.6245,-74.6923,-74.7973
3.795,-75.3908,-75.4575,-75.5264,-75.5758,-75.6034,-75.6125,-75.6072,-75.591,-75.5667,-75.5366,-75.5022,-75.4646,-75.4244,-75.3823,-75.3386,-75.2935,-75.2472,-75.1999,-75.1515,-75.1022,-75.052,-75.0012,-74.9498,-74.8982,-74.8468,-74.7961,-74.7471,-74.7009,-74.6593,-74.6247,-74.6003,-74.5904,-74.6003,-74.6361,-74.7038,-74.8086
3.8,-75.3977,-75.4644,-75.5332,-75.5826,-75.6103,-75.6194,-75.6142,-75.5981,-75.574,-75.544,-75.5097,-75.4722,-75.4322,-75.3902,-75.3467,-75.3018,-75.2556,-75.2084,-75.1602,-75.1111,-75.0611,-75.0105,-74.9593,-74.908,-74.8567,-74.8063,-74.7575,-74.7115,-74.6702,-74.6357,-74.6115,-74.6017,-74.6118,-74.6476,-74.7152,-74.8198
3.805,-75.4045,-75.4712,-75.5401,-75.5894,-75.6171,-75.6264,-75.6212,-75.6052,-75.5812,-75.5513,-75.5172,-75.4798,-75.4399,-75.3981,-75.3547,-75.3099,-75.264,-75.217,-75.1689,-75.12,-75.0702,-75.0198,-74.9688,-74.9176,-74.8666,-74.8164,-74.7678,-74.7221,-74.6809,-74.6467,-74.6227,-74.6131,-74.6232,-74.659,-74.7266,-74.831
3.81,-75.4114,-75.478,-75.5469,-75.5962,-75.624,-75.6333,-75.6282,-75.6123,-75.5884,-75.5587,-75.5246,-75.4874,-75.4476,-75.406,-75.3627,-75.3181,-75.2723,-75.2254,-75.1776,-75.1288,-75.0793,-75.029,-74.9782,-74.9273,-74.8765,-74.8265,-74.7781,-74.7326,-74.6917,-74.6577,-74.6338,-74.6244,-74.6346,-74.6704,-74.7379,-74.8421
3.815,-75.4182,-75.4848,-75.5536,-75.603,-75.6308,-75.6402,-75.6351,-75.6193,-75.5956,-75.5659,-75.532,-75.4949,-75.4553,-75.4138,-75.3707,-75.3262,-75.2806,-75.2339,-75.1862,-75.1376,-75.0883,-75.0382,-74.9876,-74.9369,-74.8863,-74.8365,-74.7884,-74.7431,-74.7024,-74.6686,-74.6449,-74.6356,-74.6459,-74.6818,-74.7492,-74.8532
3.82,-75.425,-75.4916,-75.5604,-75.6098,-75.6376,-75.647,-75.6421,-75.6264,-75.6027,-75.5732,-75.5394,-75.5024,-75.463,-75.4216,-75.3787,-75.3344,-75.2889,-75.2424,-75.1948,-75.1464,-75.0972,-75.0474,-74.997,-74.9464,-74.8961,-74.8465,-74.7986,-74.7535,-74.713,-74.6794,-74.6559,-74.6468,-74.6572,-74.6931,-74.7604,-74.8643
3.825,-75.4317,-75.4984,-75.5671,-75.6165,-75.6444,-75.6539,-75.649,-75.6334,-75.6098,-75.5805,-75.5468,-75.5099,-75.4706,-75.4294,-75.3866,-75.3424,-75.2971,-75.2508,-75.2034,-75.1552,-75.1062,-75.0565,-75.0063,-74.956,-74.9058,-74.8565,-74.8088,-74.7639,-74.7236,-74.6902,-74.6669,-74.6579,-74.6684,-74.7043,-74.7716,-74.8752
3.83,-75.4385,-75.5051,-75.5739,-75.6232,-75.6511,-75.6607,-75.6559,-75.6404,-75.6169,-75.5877,-75.5541,-75.5174,-75.4782,-75.4371,-75.3945,-75.3505,-75.3053,-75.2591,-75.212,-75.1639,-75.1151,-75.0656,-75.0156,-74.9655,-74.9155,-74.8664,-74.8189,-74.7743,-74.7342,-74.701,-74.6778,-74.669,-74.6795,-74.7155,-74.7827,-74.8862
3.835,-75.4452,-75.5118,-75.5806,-75.6299,-75.6579,-75.6675,-75.6628,-75.6474,-75.624,-75.5949,-75.5615,-75.5249,-75.4858,-75.4449,-75.4024,-75.3585,-75.3135,-75.2675,-75.2205,-75.1726,-75.1239,-75.0746,-75.0249,-74.9749,-74.9252,-74.8763,-74.829,-74.7846,-74.7447,-74.7117,-74.6887,-74.68,-74.6907,-74.7266,-74.7937,-74.897
3.84,-75.452,-75.5185,-75.5872,-75.6366,-75.6646,-75.6743,-75.6696,-75.6543,-75.6311,-75.6021,-75.5688,-75.5323,-75.4934,-75.4526,-75.4102,-75.3665,-75.3217,-75.2758,-75.229,-75.1813,-75.1328,-75.0837,-75.0341,-74.9843,-74.9348,-74.8861,-74.839,-74.7948,-74.7551,-74.7224,-74.6996,-74.691,-74.7017,-74.7377,-74.8048,-74.9078
3.845,-75.4587,-75.5252,-75.5939,-75.6433,-75.6713,-75.681,-75.6765,-75.6613,-75.6381,-75.6092,-75.576,-75.5397,-75.5009,-75.4603,-75.418,-75.3745,-75.3298,-75.2841,-75.2374,-75.1899,-75.1416,-75.0927,-75.0433,-74.9937,-74.9444,-74.8959,-74.849,-74.805,-74.7656,-74.733,-74.7104,-74.7019,-74.7127,-74.7487,-74.8157,-74.9186
3.85,-75.4654,-75.5319,-75.6006,-75.6499,-75.678,-75.6878,-75.6833,-75.6682,-75.6452,-75.6164,-75.5833,-75.5471,-75.5085,-75.4679,-75.4258,-75.3824,-75.3379,-75.2924,-75.2458,-75.1985,-75.1504,-75.1016,-75.0524,-75.0031,-74.9539,-74.9056,-74.859,-74.8152,-74.7759,-74.7435,-74.7211,-74.7128,-74.7237,-74.7597,-74.8266,-74.9293
3.855,-75.472,-75.5385,-75.6072,-75.6566,-75.6846,-75.6945,-75.6901,-75.6751,-75.6522,-75.6235,-75.5905,-75.5545,-75.5159,-75.4755,-75.4336,-75.3904,-75.346,-75.3006,-75.2542,-75.207,-75.1591,-75.1105,-75.0615,-75.0124,-74.9634,-74.9153,-74.8689,-74.8253,-74.7863,-74.7541,-74.7318,-74.7236,-74.7346,-74.7707,-74.8375,-74.94
3.86,-75.4787,-75.5452,-75.6138,-75.6632,-75.6913,-75.7012,-75.6969,-75.6819,-75.6591,-75.6306,-75.5978,-75.5618,-75.5234,-75.4831,-75.4414,-75.3983,-75.354,-75.3088,-75.2626,-75.2156,-75.1678,-75.1194,-75.0706,-75.0216,-74.9729,-74.925,-74.8788,-74.8354,-74.7966,-74.7645,-74.7424,-74.7344,-74.7455,-74.7815,-74.8483,-74.9506
3.865,-75.4853,-75.5518,-75.6204,-75.6698,-75.6979,-75.7079,-75.7037,-75.6888,-75.6661,-75.6376,-75.6049,-75.5691,-75.5309,-75.4907,-75.4491,-75.4061,-75.362,-75.317,-75.2709,-75.2241,-75.1765,-75.1283,-75.0797,-75.0309,-74.9823,-74.9347,-74.8886,-74.8455,-74.8068,-74.775,-74.753,-74.7451,-74.7563,-74.7924,-74.859,-74.9612
3.87,-75.4919,-75.5584,-75.627,-75.6764,-75.7045,-75.7145,-75.7104,-75.6956,-75.673,-75.6447,-75.6121,-75.5764,-75.5383,-75.4983,-75.4568,-75.414,-75.37,-75.3251,-75.2793,-75.2326,-75.1851,-75.1371,-75.0887,-75.0401,-74.9917,-74.9443,-74.8984,-74.8555,-74.817,-74.7854,-74.7636,-74.7558,-74.7671,-74.8031,-74.8697,-74.9717
3.875,-75.4985,-75.5649,-75.6335,-75.6829,-75.7111,-75.7212,-75.7171,-75.7024,-75.6799,-75.6517,-75.6193,-75.5837,-75.5457,-75.5058,-75.4644,-75.4218,-75.378,-75.3332,-75.2875,-75.241,-75.1938,-75.1459,-75.0976,-75.0492,-75.0011,-74.9538,-74.9082,-74.8654,-74.8272,-74.7957,-74.7741,-74.7665,-74.7778,-74.8139,-74.8804,-74.9822
3.88,-75.5051,-75.5715,-75.64,-75.6895,-75.7177,-75.7278,-75.7238,-75.7092,-75.6868,-75.6587,-75.6264,-75.5909,-75.5531,-75.5133,-75.4721,-75.4296,-75.3859,-75.3413,-75.2958,-75.2494,-75.2023,-75.1547,-75.1066,-75.0584,-75.0104,-74.9633,-74.9179,-74.8754,-74.8373,-74.806,-74.7846,-74.777,-74.7885,-74.8246,-74.891,-74.9926
3.885,-75.5117,-75.578,-75.6466,-75.696,-75.7242,-75.7344,-75.7305,-75.716,-75.6937,-75.6657,-75.6335,-75.5981,-75.5604,-75.5208,-75.4797,-75.4373,-75.3939,-75.3494,-75.304,-75.2578,-75.2109,-75.1634,-75.1155,-75.0675,-75.0197,-74.9728,-74.9276,-74.8852,-74.8474,-74.8163,-74.795,-74.7876,-74.7991,-74.8352,-74.9015,-75.003
3.89,-75.5182,-75.5846,-75.6531,-75.7025,-75.7308,-75.741,-75.7372,-75.7228,-75.7006,-75.6727,-75.6406,-75.6053,-75.5677,-75.5283,-75.4873,-75.4451,-75.4017,-75.3574,-75.3122,-75.2662,-75.2194,-75.1721,-75.1244,-75.0765,-75.029,-74.9823,-74.9373,-74.8951,-74.8574,-74.8265,-74.8054,-74.7981,-74.8097,-74.8458,-74.912,-75.0133
3.895,-75.5247,-75.5911,-75.6596,-75.709,-75.7373,-75.7476,-75.7438,-75.7295,-75.7074,-75.6796,-75.6476,-75.6125,-75.575,-75.5357,-75.4949,-75.4528,-75.4096,-75.3654,-75.3204,-75.2745,-75.2279,-75.1808,-75.1332,-75.0856,-75.0382,-74.9917,-74.9469,-74.9049,-74.8674,-74.8367,-74.8157,-74.8086,-74.8202,-74.8563,-74.9225,-75.0236
3.9,-75.5312,-75.5976,-75.666,-75.7154,-75.7438,-75.7541,-75.7505,-75.7362,-75.7142,-75.6865,-75.6547,-75.6197,-75.5823,-75.5431,-75.5024,-75.4605,-75.4174,-75.3734,-75.3285,-75.2828,-75.2364,-75.1894,-75.142,-75.0946,-75.0474,-75.0011,-74.9564,-74.9147,-74.8774,-74.8468,-74.826,-74.819,-74.8307,-74.8668,-74.9329,-75.0338
3.905,-75.5377,-75.604,-75.6725,-75.7219,-75.7503,-75.7607,-75.7571,-75.7429,-75.721,-75.6934,-75.6617,-75.6268,-75.5896,-75.5505,-75.5099,-75.4681,-75.4252,-75.3814,-75.3366,-75.2911,-75.2448,-75.198,-75.1508,-75.1035,-75.0565,-75.0104,-74.966,-74.9244,-74.8873,-74.8569,-74.8362,-74.8293,-74.8411,-74.8773,-74.9433,-75.044
3.91,-75.5442,-75.6105,-75.6789,-75.7283,-75.7567,-75.7672,-75.7636,-75.7496,-75.7278,-75.7003,-75.6687,-75.6339,-75.5968,-75.5579,-75.5174,-75.4758,-75.433,-75.3893,-75.3447,-75.2993,-75.2532,-75.2066,-75.1596,-75.1125,-75.0657,-75.0197,-74.9755,-74.9341,-74.8972,-74.8669,-74.8465,-74.8397,-74.8515,-74.8877,-74.9536,-75.0542
3.915,-75.5507,-75.6169,-75.6853,-75.7347,-75.7632,-75.7737,-75.7702,-75.7562,-75.7345,-75.7072,-75.6756,-75.641,-75.604,-75.5652,-75.5249,-75.4834,-75.4408,-75.3972,-75.3527,-75.3075,-75.2616,-75.2151,-75.1683,-75.1214,-75.0747,-75.029,-74.9849,-74.9437,-74.907,-74.8769,-74.8566,-74.8499,-74.8619,-74.898,-74.9639,-75.0643
3.92,-75.5571,-75.6234,-75.6917,-75.7411,-75.7696,-75.7802,-75.7768,-75.7629,-75.7413,-75.714,-75.6826,-75.6481,-75.6112,-75.5725,-75.5324,-75.491,-75.4485,-75.4051,-75.3608,-75.3157,-75.2699,-75.2236,-75.177,-75.1302,-75.0838,-75.0382,-74.9944,-74.9533,-74.9168,-74.8869,-74.8667,-74.8602,-74.8722,-74.9083,-74.9741,-75.0743
3.925,-75.5635,-75.6298,-75.6981,-75.7475,-75.776,-75.7866,-75.7833,-75.7695,-75.748,-75.7208,-75.6895,-75.6551,-75.6184,-75.5798,-75.5398,-75.4985,-75.4562,-75.4129,-75.3688,-75.3239,-75.2783,-75.2321,-75.1856,-75.1391,-75.0928,-75.0474,-75.0037,-74.9629,-74.9265,-74.8968,-74.8768,-74.8704,-74.8825,-74.9186,-74.9843,-75.0843
3.93,-75.57,-75.6362,-75.7045,-75.7539,-75.7824,-75.7931,-75.7898,-75.7761,-75.7547,-75.7276,-75.6964,-75.6622,-75.6255,-75.5871,-75.5472,-75.5061,-75.4639,-75.4207,-75.3767,-75.332,-75.2865,-75.2406,-75.1943,-75.1479,-75.1018,-75.0566,-75.0131,-74.9725,-74.9363,-74.9067,-74.8868,-74.8805,-74.8927,-74.9288,-74.9944,-75.0943
3.935,-75.5763,-75.6425,-75.7108,-75.7602,-75.7888,-75.7995,-75.7963,-75.7827,-75.7614,-75.7344,-75.7033,-75.6692,-75.6327,-75.5944,-75.5546,-75.5136,-75.4715,-75.4285,-75.3847,-75.3401,-75.2948,-75.249,-75.2029,-75.1566,-75.1107,-75.0657,-75.0224,-74.9819,-74.9459,-74.9166,-74.8968,-74.8906,-74.9028,-74.939,-75.0045,-75.1042
3.94,-75.5827,-75.6489,-75.7171,-75.7666,-75.7951,-75.8059,-75.8028,-75.7893,-75.768,-75.7412,-75.7102,-75.6761,-75.6398,-75.6016,-75.562,-75.5211,-75.4792,-75.4363,-75.3926,-75.3482,-75.303,-75.2574,-75.2114,-75.1654,-75.1196,-75.0748,-75.0317,-74.9914,-74.9556,-74.9264,-74.9068,-74.9007,-74.913,-74.9491,-75.0146,-75.1141
3.945,-75.5891,-75.6552,-75.7234,-75.7729,-75.8015,-75.8123,-75.8092,-75.7958,-75.7747,-75.7479,-75.717,-75.6831,-75.6469,-75.6088,-75.5693,-75.5286,-75.4868,-75.4441,-75.4005,-75.3562,-75.3112,-75.2658,-75.2199,-75.1741,-75.1285,-75.0839,-75.0409,-75.0008,-74.9652,-74.9361,-74.9167,-74.9107,-74.9231,-74.9592,-75.0246,-75.1239
3.95,-75.5954,-75.6615,-75.7297,-75.7792,-75.8078,-75.8187,-75.8157,-75.8023,-75.7813,-75.7546,-75.7239,-75.6901,-75.6539,-75.616,-75.5766,-75.536,-75.4944,-75.4518,-75.4084,-75.3642,-75.3194,-75.2741,-75.2284,-75.1827,-75.1374,-75.0929,-75.0501,-75.0102,-74.9747,-74.9459,-74.9266,-74.9207,-74.9331,-74.9693,-75.0346,-75.1337
3.955,-75.6018,-75.6679,-75.736,-75.7854,-75.8141,-75.825,-75.8221,-75.8088,-75.7879,-75.7613,-75.7307,-75.697,-75.661,-75.6232,-75.5839,-75.5434,-75.5019,-75.4595,-75.4162,-75.3722,-75.3276,-75.2824,-75.2369,-75.1914,-75.1462,-75.1019,-75.0593,-75.0196,-74.9843,-74.9555,-74.9364,-74.9306,-74.9431,-74.9793,-75.0445,-75.1435
3.96,-75.6081,-75.6741,-75.7423,-75.7917,-75.8204,-75.8314,-75.8285,-75.8153,-75.7945,-75.768,-75.7375,-75.7039,-75.668,-75.6303,-75.5912,-75.5508,-75.5094,-75.4671,-75.424,-75.3802,-75.3357,-75.2907,-75.2454,-75.2,-75.155,-75.1108,-75.0684,-75.0289,-74.9937,-74.9652,-74.9462,-74.9405,-74.9531,-74.9892,-75.0544,-75.1532
3.965,-75.6144,-75.6804,-75.7485,-75.7979,-75.8266,-75.8377,-75.8349,-75.8218,-75.801,-75.7747,-75.7442,-75.7108,-75.675,-75.6374,-75.5984,-75.5582,-75.517,-75.4748,-75.4318,-75.3881,-75.3438,-75.2989,-75.2538,-75.2086,-75.1637,-75.1198,-75.0776,-75.0382,-75.0032,-74.9748,-74.9559,-74.9504,-74.963,-74.9992,-75.0642,-75.1628
3.97,-75.6207,-75.6867,-75.7548,-75.8042,-75.8329,-75.844,-75.8413,-75.8282,-75.8076,-75.7813,-75.751,-75.7176,-75.682,-75.6445,-75.6056,-75.5655,-75.5244,-75.4824,-75.4396,-75.396,-75.3518,-75.3071,-75.2622,-75.2171,-75.1724,-75.1287,-75.0866,-75.0474,-75.0126,-74.9844,-74.9656,-74.9602,-74.9729,-75.009,-75.074,-75.1725
3.975,-75.6269,-75.6929,-75.761,-75.8104,-75.8391,-75.8503,-75.8476,-75.8347,-75.8141,-75.788,-75.7577,-75.7245,-75.6889,-75.6516,-75.6128,-75.5729,-75.5319,-75.49,-75.4473,-75.4039,-75.3599,-75.3153,-75.2705,-75.2256,-75.1811,-75.1375,-75.0957,-75.0566,-75.022,-74.9939,-74.9753,-74.97,-74.9827,-75.0189,-75.0838,-75.182
3.98,-75.6332,-75.6991,-75.7672,-75.8166,-75.8454,-75.8565,-75.854,-75.8411,-75.8206,-75.7946,-75.7644,-75.7313,-75.6958,-75.6586,-75.62,-75.5802,-75.5393,-75.4976,-75.455,-75.4118,-75.3679,-75.3235,-75.2788,-75.2341,-75.1898,-75.1464,-75.1047,-75.0658,-75.0313,-75.0034,-74.9849,-74.9797,-74.9925,-75.0287,-75.0935,-75.1916
3.985,-75.6394,-75.7053,-75.7733,-75.8228,-75.8516,-75.8628,-75.8603,-75.8475,-75.8271,-75.8011,-75.7711,-75.7381,-75.7028,-75.6657,-75.6272,-75.5875,-75.5467,-75.5051,-75.4627,-75.4196,-75.3759,-75.3316,-75.2871,-75.2426,-75.1984,-75.1552,-75.1136,-75.0749,-75.0406,-75.0129,-74.9945,-74.9894,-75.0023,-75.0384,-75.1032,-75.2011
3.99,-75.6456,-75.7115,-75.7795,-75.8289,-75.8577,-75.869,-75.8666,-75.8539,-75.8336,-75.8077,-75.7778,-75.7449,-75.7097,-75.6727,-75.6343,-75.5947,-75.5541,-75.5127,-75.4704,-75.4274,-75.3838,-75.3397,-75.2954,-75.251,-75.207,-75.1639,-75.1226,-75.084,-75.0499,-75.0223,-75.0041,-74.9991,-75.012,-75.0481,-75.1128,-75.2105
3.995,-75.6518,-75.7177,-75.7857,-75.8351,-75.8639,-75.8752,-75.8729,-75.8602,-75.84,-75.8143,-75.7844,-75.7516,-75.7165,-75.6797,-75.6414,-75.602,-75.5615,-75.5202,-75.478,-75.4352,-75.3917,-75.3478,-75.3036,-75.2594,-75.2156,-75.1727,-75.1315,-75.0931,-75.0591,-75.0317,-75.0136,-75.0087,-75.0217,-75.0578,-75.1224,-75.22
4,-75.658,-75.7239,-75.7918,-75.8412,-75.8701,-75.8814,-75.8791,-75.8666,-75.8464,-75.8208,-75.7911,-75.7584,-75.7234,-75.6866,-75.6485,-75.6092,-75.5688,-75.5276,-75.4856,-75.4429,-75.3996,-75.3559,-75.3118,-75.2678,-75.2241,-75.1814,-75.1403,-75.1021,-75.0683,-75.041,-75.0231,-75.0183,-75.0313,-75.0674,-75.1319,-75.2293
4.005,-75.6642,-75.73,-75.7979,-75.8473,-75.8762,-75.8876,-75.8854,-75.8729,-75.8529,-75.8273,-75.7977,-75.7651,-75.7302,-75.6936,-75.6556,-75.6164,-75.5762,-75.5351,-75.4932,-75.4507,-75.4075,-75.3639,-75.32,-75.2761,-75.2326,-75.19,-75.1492,-75.1111,-75.0775,-75.0503,-75.0325,-75.0278,-75.0409,-75.077,-75.1414,-75.2387
4.01,-75.6703,-75.7362,-75.804,-75.8534,-75.8823,-75.8938,-75.8916,-75.8792,-75.8593,-75.8338,-75.8043,-75.7718,-75.737,-75.7005,-75.6626,-75.6235,-75.5835,-75.5425,-75.5008,-75.4584,-75.4154,-75.3719,-75.3282,-75.2844,-75.2411,-75.1987,-75.158,-75.1201,-75.0866,-75.0596,-75.0419,-75.0373,-75.0505,-75.0866,-75.1509,-75.248
4.015,-75.6765,-75.7423,-75.8101,-75.8595,-75.8884,-75.8999,-75.8978,-75.8855,-75.8656,-75.8403,-75.8109,-75.7785,-75.7438,-75.7074,-75.6696,-75.6307,-75.5907,-75.5499,-75.5083,-75.466,-75.4232,-75.3799,-75.3363,-75.2927,-75.2495,-75.2073,-75.1667,-75.129,-75.0957,-75.0688,-75.0513,-75.0468,-75.06,-75.0961,-75.1603,-75.2573
4.02,-75.6826,-75.7484,-75.8162,-75.8656,-75.8945,-75.9061,-75.904,-75.8918,-75.872,-75.8467,-75.8174,-75.7851,-75.7506,-75.7143,-75.6766,-75.6378,-75.598,-75.5573,-75.5158,-75.4737,-75.431,-75.3878,-75.3444,-75.301,-75.2579,-75.2158,-75.1755,-75.1379,-75.1048,-75.0781,-75.0606,-75.0562,-75.0695,-75.1056,-75.1697,-75.2665
4.025,-75.6887,-75.7544,-75.8222,-75.8716,-75.9006,-75.9122,-75.9102,-75.898,-75.8783,-75.8532,-75.824,-75.7918,-75.7573,-75.7212,-75.6836,-75.6449,-75.6052,-75.5647,-75.5233,-75.4813,-75.4388,-75.3957,-75.3525,-75.3092,-75.2663,-75.2244,-75.1842,-75.1468,-75.1138,-75.0872,-75.0699,-75.0656,-75.0789,-75.115,-75.1791,-75.2757
4.03,-75.6948,-75.7605,-75.8283,-75.8776,-75.9067,-75.9183,-75.9164,-75.9043,-75.8847,-75.8596,-75.8305,-75.7984,-75.7641,-75.728,-75.6906,-75.652,-75.6124,-75.572,-75.5308,-75.4889,-75.4465,-75.4036,-75.3605,-75.3174,-75.2747,-75.2329,-75.1929,-75.1557,-75.1228,-75.0964,-75.0792,-75.075,-75.0883,-75.1244,-75.1884,-75.2848
4.035,-75.7009,-75.7666,-75.8343,-75.8837,-75.9127,-75.9244,-75.9225,-75.9105,-75.891,-75.866,-75.837,-75.805,-75.7708,-75.7348,-75.6975,-75.659,-75.6196,-75.5793,-75.5382,-75.4965,-75.4542,-75.4115,-75.3685,-75.3256,-75.283,-75.2414,-75.2015,-75.1645,-75.1317,-75.1055,-75.0884,-75.0843,-75.0977,-75.1338,-75.1977,-75.2939
4.04,-75.707,-75.7726,-75.8403,-75.8897,-75.9187,-75.9305,-75.9287,-75.9167,-75.8973,-75.8724,-75.8435,-75.8116,-75.7775,-75.7417,-75.7044,-75.6661,-75.6268,-75.5866,-75.5457,-75.5041,-75.4619,-75.4193,-75.3765,-75.3337,-75.2913,-75.2498,-75.2101,-75.1732,-75.1407,-75.1145,-75.0976,-75.0936,-75.107,-75.1431,-75.2069,-75.303
4.045,-75.713,-75.7786,-75.8463,-75.8957,-75.9247,-75.9365,-75.9348,-75.9229,-75.9035,-75.8787,-75.8499,-75.8182,-75.7842,-75.7484,-75.7113,-75.6731,-75.6339,-75.5939,-75.5531,-75.5116,-75.4696,-75.4271,-75.3845,-75.3418,-75.2996,-75.2583,-75.2187,-75.182,-75.1496,-75.1236,-75.1068,-75.1028,-75.1163,-75.1524,-75.2161,-75.312
4.05,-75.719,-75.7846,-75.8523,-75.9016,-75.9307,-75.9425,-75.9409,-75.9291,-75.9098,-75.8851,-75.8564,-75.8247,-75.7908,-75.7552,-75.7182,-75.6801,-75.641,-75.6011,-75.5604,-75.5191,-75.4772,-75.4349,-75.3924,-75.3499,-75.3078,-75.2667,-75.2273,-75.1907,-75.1584,-75.1326,-75.1159,-75.112,-75.1256,-75.1616,-75.2253,-75.3211
4.055,-75.7251,-75.7906,-75.8582,-75.9076,-75.9367,-75.9486,-75.947,-75.9352,-75.916,-75.8914,-75.8628,-75.8312,-75.7974,-75.7619,-75.7251,-75.6871,-75.6481,-75.6083,-75.5678,-75.5266,-75.4849,-75.4427,-75.4003,-75.3579,-75.316,-75.275,-75.2358,-75.1994,-75.1672,-75.1415,-75.125,-75.1212,-75.1348,-75.1708,-75.2344,-75.33
4.06,-75.7311,-75.7966,-75.8642,-75.9135,-75.9427,-75.9546,-75.953,-75.9414,-75.9223,-75.8977,-75.8692,-75.8377,-75.8041,-75.7687,-75.7319,-75.694,-75.6552,-75.6155,-75.5751,-75.5341,-75.4924,-75.4504,-75.4082,-75.366,-75.3242,-75.2834,-75.2443,-75.208,-75.176,-75.1505,-75.134,-75.1303,-75.144,-75.18,-75.2435,-75.3389
4.065,-75.7371,-75.8026,-75.8701,-75.9194,-75.9486,-75.9606,-75.9591,-75.9475,-75.9285,-75.904,-75.8756,-75.8442,-75.8107,-75.7754,-75.7387,-75.701,-75.6623,-75.6227,-75.5824,-75.5415,-75.5,-75.4581,-75.416,-75.374,-75.3323,-75.2917,-75.2527,-75.2166,-75.1848,-75.1593,-75.143,-75.1394,-75.1531,-75.1892,-75.2526,-75.3478
4.07,-75.743,-75.8085,-75.876,-75.9254,-75.9545,-75.9665,-75.9651,-75.9536,-75.9347,-75.9103,-75.882,-75.8507,-75.8172,-75.7821,-75.7455,-75.7079,-75.6693,-75.6299,-75.5897,-75.5489,-75.5076,-75.4658,-75.4239,-75.382,-75.3405,-75.2999,-75.2612,-75.2252,-75.1935,-75.1682,-75.152,-75.1485,-75.1622,-75.1983,-75.2616,-75.3567
4.075,-75.749,-75.8145,-75.8819,-75.9313,-75.9605,-75.9725,-75.9711,-75.9597,-75.9408,-75.9166,-75.8883,-75.8572,-75.8238,-75.7887,-75.7523,-75.7148,-75.6763,-75.637,-75.597,-75.5563,-75.5151,-75.4735,-75.4317,-75.3899,-75.3486,-75.3082,-75.2696,-75.2337,-75.2022,-75.177,-75.1609,-75.1575,-75.1713,-75.2073,-75.2706,-75.3655
4.08,-75.755,-75.8204,-75.8878,-75.9371,-75.9664,-75.9784,-75.9771,-75.9658,-75.947,-75.9228,-75.8947,-75.8636,-75.8303,-75.7954,-75.7591,-75.7216,-75.6833,-75.6441,-75.6042,-75.5637,-75.5226,-75.4811,-75.4394,-75.3978,-75.3566,-75.3164,-75.2779,-75.2423,-75.2109,-75.1858,-75.1699,-75.1665,-75.1804,-75.2164,-75.2795,-75.3743
4.085,-75.7609,-75.8263,-75.8937,-75.943,-75.9722,-75.9844,-75.9831,-75.9718,-75.9531,-75.929,-75.901,-75.87,-75.8369,-75.802,-75.7658,-75.7285,-75.6903,-75.6512,-75.6114,-75.571,-75.5301,-75.4887,-75.4472,-75.4057,-75.3647,-75.3246,-75.2863,-75.2508,-75.2195,-75.1946,-75.1787,-75.1755,-75.1894,-75.2254,-75.2885,-75.383
4.09,-75.7668,-75.8322,-75.8996,-75.9489,-75.9781,-75.9903,-75.9891,-75.9779,-75.9593,-75.9352,-75.9073,-75.8764,-75.8434,-75.8086,-75.7725,-75.7353,-75.6972,-75.6583,-75.6186,-75.5783,-75.5375,-75.4963,-75.4549,-75.4136,-75.3727,-75.3328,-75.2946,-75.2592,-75.2281,-75.2033,-75.1876,-75.1844,-75.1983,-75.2343,-75.2973,-75.3918
4.095,-75.7727,-75.8381,-75.9054,-75.9547,-75.984,-75.9962,-75.995,-75.9839,-75.9654,-75.9414,-75.9136,-75.8828,-75.8499,-75.8152,-75.7792,-75.7421,-75.7041,-75.6653,-75.6258,-75.5856,-75.5449,-75.5039,-75.4626,-75.4214,-75.3807,-75.3409,-75.3029,-75.2676,-75.2367,-75.212,-75.1964,-75.1933,-75.2073,-75.2432,-75.3062,-75.4005
4.1,-75.7786,-75.8439,-75.9112,-75.9605,-75.9898,-76.0021,-76.001,-75.9899,-75.9715,-75.9476,-75.9199,-75.8892,-75.8563,-75.8218,-75.7859,-75.7489,-75.711,-75.6723,-75.6329,-75.5929,-75.5523,-75.5114,-75.4703,-75.4292,-75.3886,-75.349,-75.3111,-75.276,-75.2452,-75.2207,-75.2052,-75.2022,-75.2162,-75.2521,-75.315,-75.4091
4.105,-75.7845,-75.8498,-75.9171,-75.9663,-75.9956,-76.0079,-76.0069,-75.9959,-75.9775,-75.9538,-75.9261,-75.8955,-75.8628,-75.8283,-75.7926,-75.7557,-75.7179,-75.6793,-75.64,-75.6001,-75.5597,-75.5189,-75.478,-75.437,-75.3966,-75.3571,-75.3194,-75.2844,-75.2537,-75.2293,-75.2139,-75.211,-75.2251,-75.261,-75.3238,-75.4177
4.11,-75.7904,-75.8556,-75.9229,-75.9721,-76.0015,-76.0138,-76.0128,-76.0019,-75.9836,-75.9599,-75.9323,-75.9019,-75.8692,-75.8349,-75.7992,-75.7625,-75.7248,-75.6863,-75.6471,-75.6074,-75.5671,-75.5264,-75.4856,-75.4448,-75.4045,-75.3652,-75.3276,-75.2928,-75.2622,-75.238,-75.2226,-75.2198,-75.2339,-75.2698,-75.3325,-75.4263
4.115,-75.7962,-75.8614,-75.9286,-75.9779,-76.0072,-76.0196,-76.0187,-76.0078,-75.9896,-75.966,-75.9386,-75.9082,-75.8756,-75.8414,-75.8058,-75.7692,-75.7316,-75.6933,-75.6542,-75.6146,-75.5744,-75.5339,-75.4932,-75.4525,-75.4124,-75.3732,-75.3357,-75.3011,-75.2707,-75.2465,-75.2313,-75.2286,-75.2427,-75.2786,-75.3412,-75.4348
4.12,-75.802,-75.8672,-75.9344,-75.9837,-76.013,-76.0254,-76.0246,-76.0138,-75.9956,-75.9722,-75.9448,-75.9145,-75.882,-75.8479,-75.8124,-75.7759,-75.7385,-75.7002,-75.6613,-75.6218,-75.5817,-75.5413,-75.5008,-75.4603,-75.4202,-75.3812,-75.3439,-75.3094,-75.2791,-75.2551,-75.24,-75.2373,-75.2515,-75.2874,-75.3499,-75.4434
4.125,-75.8079,-75.873,-75.9402,-75.9894,-76.0188,-76.0312,-76.0304,-76.0197,-76.0017,-75.9783,-75.9509,-75.9207,-75.8884,-75.8544,-75.819,-75.7826,-75.7453,-75.7071,-75.6683,-75.6289,-75.589,-75.5488,-75.5083,-75.4679,-75.4281,-75.3891,-75.352,-75.3176,-75.2875,-75.2636,-75.2486,-75.246,-75.2602,-75.2961,-75.3585,-75.4518
4.13,-75.8137,-75.8788,-75.9459,-75.9952,-76.0246,-76.037,-76.0363,-76.0256,-76.0076,-75.9843,-75.9571,-75.927,-75.8947,-75.8608,-75.8256,-75.7893,-75.752,-75.714,-75.6754,-75.6361,-75.5963,-75.5561,-75.5158,-75.4756,-75.4359,-75.3971,-75.3601,-75.3258,-75.2958,-75.2721,-75.2572,-75.2547,-75.2689,-75.3048,-75.3671,-75.4603
4.135,-75.8195,-75.8846,-75.9517,-76.0009,-76.0303,-76.0428,-76.0421,-76.0315,-76.0136,-75.9904,-75.9633,-75.9333,-75.9011,-75.8673,-75.8321,-75.7959,-75.7588,-75.7209,-75.6824,-75.6432,-75.6035,-75.5635,-75.5233,-75.4833,-75.4436,-75.405,-75.3681,-75.334,-75.3042,-75.2805,-75.2657,-75.2633,-75.2776,-75.3134,-75.3757,-75.4687
4.14,-75.8252,-75.8903,-75.9574,-76.0066,-76.036,-76.0486,-76.0479,-76.0374,-76.0196,-75.9964,-75.9694,-75.9395,-75.9074,-75.8737,-75.8387,-75.8026,-75.7656,-75.7278,-75.6893,-75.6503,-75.6107,-75.5709,-75.5308,-75.4909,-75.4514,-75.4129,-75.3762,-75.3422,-75.3125,-75.2889,-75.2743,-75.2719,-75.2862,-75.3221,-75.3843,-75.4771
4.145,-75.831,-75.896,-75.9631,-76.0123,-76.0417,-76.0543,-76.0537,-76.0433,-76.0255,-76.0025,-75.9755,-75.9457,-75.9137,-75.8801,-75.8452,-75.8092,-75.7723,-75.7346,-75.6963,-75.6573,-75.6179,-75.5782,-75.5383,-75.4985,-75.4591,-75.4208,-75.3842,-75.3503,-75.3207,-75.2973,-75.2828,-75.2805,-75.2948,-75.3307,-75.3928,-75.4854
4.15,-75.8368,-75.9018,-75.9688,-76.018,-76.0474,-76.0601,-76.0595,-76.0491,-76.0315,-76.0085,-75.9816,-75.9519,-75.92,-75.8865,-75.8517,-75.8158,-75.779,-75.7414,-75.7032,-75.6644,-75.6251,-75.5855,-75.5457,-75.506,-75.4668,-75.4286,-75.3921,-75.3585,-75.329,-75.3057,-75.2912,-75.289,-75.3034,-75.3392,-75.4012,-75.4938
4.155,-75.8425,-75.9075,-75.9744,-76.0236,-76.0531,-76.0658,-76.0653,-76.055,-76.0374,-76.0145,-75.9877,-75.9581,-75.9263,-75.8928,-75.8581,-75.8223,-75.7857,-75.7482,-75.7101,-75.6714,-75.6323,-75.5928,-75.5531,-75.5136,-75.4745,-75.4364,-75.4001,-75.3665,-75.3372,-75.314,-75.2997,-75.2976,-75.312,-75.3477,-75.4097,-75.5021
4.16,-75.8482,-75.9132,-75.9801,-76.0293,-76.0588,-76.0715,-76.0711,-76.0608,-76.0433,-76.0205,-75.9938,-75.9642,-75.9325,-75.8992,-75.8646,-75.8289,-75.7923,-75.755,-75.717,-75.6785,-75.6394,-75.6,-75.5605,-75.5211,-75.4821,-75.4442,-75.408,-75.3746,-75.3454,-75.3223,-75.3081,-75.306,-75.3205,-75.3562,-75.4181,-75.5103
4.165,-75.854,-75.9188,-75.9857,-76.0349,-76.0644,-76.0772,-76.0768,-76.0666,-76.0492,-76.0264,-75.9998,-75.9704,-75.9388,-75.9055,-75.871,-75.8354,-75.799,-75.7618,-75.7239,-75.6854,-75.6465,-75.6073,-75.5679,-75.5286,-75.4898,-75.452,-75.4159,-75.3826,-75.3536,-75.3306,-75.3165,-75.3145,-75.329,-75.3647,-75.4265,-75.5185
4.17,-75.8596,-75.9245,-75.9914,-76.0405,-76.0701,-76.0828,-76.0825,-76.0724,-76.055,-76.0324,-76.0059,-75.9765,-75.945,-75.9118,-75.8774,-75.842,-75.8056,-75.7685,-75.7307,-75.6924,-75.6536,-75.6145,-75.5752,-75.536,-75.4974,-75.4597,-75.4238,-75.3906,-75.3617,-75.3389,-75.3248,-75.3229,-75.3374,-75.3731,-75.4348,-75.5267
4.175,-75.8653,-75.9302,-75.997,-76.0461,-76.0757,-76.0885,-76.0882,-76.0782,-76.0609,-76.0383,-76.0119,-75.9826,-75.9512,-75.9182,-75.8838,-75.8485,-75.8122,-75.7752,-75.7376,-75.6994,-75.6607,-75.6217,-75.5825,-75.5435,-75.505,-75.4674,-75.4316,-75.3986,-75.3698,-75.3471,-75.3331,-75.3313,-75.3458,-75.3815,-75.4432,-75.5349
4.18,-75.871,-75.9358,-76.0026,-76.0517,-76.0813,-76.0941,-76.0939,-76.0839,-76.0667,-76.0442,-76.0179,-75.9887,-75.9574,-75.9244,-75.8902,-75.8549,-75.8188,-75.7819,-75.7444,-75.7063,-75.6677,-75.6288,-75.5898,-75.5509,-75.5125,-75.4751,-75.4394,-75.4066,-75.3779,-75.3553,-75.3414,-75.3396,-75.3542,-75.3899,-75.4514,-75.543
4.185,-75.8767,-75.9414,-76.0082,-76.0573,-76.0869,-76.0998,-76.0996,-76.0897,-76.0725,-76.0501,-76.0239,-75.9948,-75.9635,-75.9307,-75.8966,-75.8614,-75.8254,-75.7886,-75.7512,-75.7132,-75.6747,-75.636,-75.5971,-75.5583,-75.52,-75.4828,-75.4472,-75.4145,-75.3859,-75.3634,-75.3497,-75.348,-75.3626,-75.3982,-75.4597,-75.5511
4.19,-75.8823,-75.9471,-76.0138,-76.0629,-76.0925,-76.1054,-76.1053,-76.0954,-76.0783,-76.056,-76.0298,-76.0008,-75.9697,-75.9369,-75.9029,-75.8679,-75.8319,-75.7953,-75.7579,-75.7201,-75.6817,-75.6431,-75.6043,-75.5657,-75.5275,-75.4904,-75.455,-75.4224,-75.3939,-75.3716,-75.3579,-75.3563,-75.3709,-75.4066,-75.4679,-75.5592
4.195,-75.888,-75.9527,-76.0193,-76.0685,-76.0981,-76.111,-76.111,-76.1011,-76.0841,-76.0619,-76.0358,-76.0069,-75.9758,-75.9432,-75.9093,-75.8743,-75.8385,-75.8019,-75.7647,-75.7269,-75.6887,-75.6502,-75.6116,-75.573,-75.535,-75.498,-75.4627,-75.4303,-75.4019,-75.3797,-75.3661,-75.3645,-75.3792,-75.4148,-75.4761,-75.5672
4.2,-75.8936,-75.9582,-76.0249,-76.074,-76.1036,-76.1166,-76.1166,-76.1068,-76.0899,-76.0677,-76.0417,-76.0129,-75.9819,-75.9494,-75.9156,-75.8807,-75.845,-75.8085,-75.7714,-75.7338,-75.6957,-75.6573,-75.6188,-75.5804,-75.5425,-75.5056,-75.4705,-75.4381,-75.4099,-75.3877,-75.3743,-75.3728,-75.3875,-75.4231,-75.4843,-75.5753
4.205,-75.8992,-75.9638,-76.0304,-76.0795,-76.1091,-76.1222,-76.1222,-76.1125,-76.0957,-76.0736,-76.0476,-76.0189,-75.988,-75.9556,-75.9219,-75.8871,-75.8515,-75.8151,-75.7781,-75.7406,-75.7026,-75.6644,-75.6259,-75.5877,-75.5499,-75.5132,-75.4782,-75.4459,-75.4178,-75.3958,-75.3824,-75.381,-75.3957,-75.4313,-75.4924,-75.5832
4.21,-75.9048,-75.9694,-76.036,-76.085,-76.1147,-76.1277,-76.1278,-76.1182,-76.1014,-76.0794,-76.0536,-76.0249,-75.9941,-75.9618,-75.9281,-75.8935,-75.858,-75.8217,-75.7848,-75.7474,-75.7095,-75.6714,-75.6331,-75.595,-75.5573,-75.5207,-75.4858,-75.4537,-75.4257,-75.4038,-75.3905,-75.3892,-75.4039,-75.4395,-75.5005,-75.5912
4.215,-75.9104,-75.9749,-76.0415,-76.0905,-76.1202,-76.1333,-76.1334,-76.1239,-76.1072,-76.0852,-76.0594,-76.0309,-76.0002,-75.9679,-75.9344,-75.8998,-75.8644,-75.8283,-75.7915,-75.7542,-75.7164,-75.6784,-75.6402,-75.6022,-75.5647,-75.5282,-75.4935,-75.4615,-75.4336,-75.4118,-75.3986,-75.3973,-75.4121,-75.4477,-75.5086,-75.5991
4.22,-75.9159,-75.9805,-76.047,-76.096,-76.1257,-76.1388,-76.139,-76.1295,-76.1129,-76.091,-76.0653,-76.0368,-76.0063,-75.9741,-75.9406,-75.9062,-75.8709,-75.8348,-75.7982,-75.761,-75.7233,-75.6854,-75.6474,-75.6095,-75.5721,-75.5357,-75.5011,-75.4692,-75.4415,-75.4198,-75.4067,-75.4054,-75.4203,-75.4558,-75.5167,-75.607
4.225,-75.9215,-75.986,-76.0525,-76.1015,-76.1312,-76.1443,-76.1446,-76.1352,-76.1186,-76.0968,-76.0712,-76.0428,-76.0123,-75.9802,-75.9469,-75.9125,-75.8773,-75.8414,-75.8048,-75.7677,-75.7302,-75.6924,-75.6544,-75.6167,-75.5794,-75.5432,-75.5087,-75.4769,-75.4493,-75.4277,-75.4147,-75.4135,-75.4284,-75.4639,-75.5247,-75.6149
4.23,-75.927,-75.9915,-76.058,-76.107,-76.1367,-76.1499,-76.1502,-76.1408,-76.1243,-76.1026,-76.077,-76.0487,-76.0183,-75.9863,-75.9531,-75.9188,-75.8837,-75.8479,-75.8114,-75.7744,-75.737,-75.6993,-75.6615,-75.6239,-75.5867,-75.5506,-75.5162,-75.4846,-75.4571,-75.4356,-75.4227,-75.4216,-75.4365,-75.472,-75.5327,-75.6227
4.235,-75.9326,-75.997,-76.0634,-76.1124,-76.1421,-76.1553,-76.1557,-76.1464,-76.1299,-76.1083,-76.0829,-76.0546,-76.0243,-75.9924,-75.9593,-75.9251,-75.8901,-75.8544,-75.818,-75.7811,-75.7438,-75.7063,-75.6686,-75.631,-75.594,-75.558,-75.5238,-75.4923,-75.4649,-75.4435,-75.4307,-75.4296,-75.4445,-75.48,-75.5406,-75.6305
4.24,-75.9381,-76.0025,-76.0689,-76.1179,-76.1476,-76.1608,-76.1612,-76.152,-76.1356,-76.114,-76.0887,-76.0605,-76.0303,-75.9985,-75.9654,-75.9314,-75.8965,-75.8608,-75.8246,-75.7878,-75.7506,-75.7132,-75.6756,-75.6382,-75.6013,-75.5654,-75.5313,-75.4999,-75.4726,-75.4514,-75.4386,-75.4377,-75.4526,-75.488,-75.5486,-75.6383
4.245,-75.9436,-76.0079,-76.0743,-76.1233,-76.153,-76.1663,-76.1667,-76.1575,-76.1413,-76.1198,-76.0945,-76.0664,-76.0363,-76.0046,-75.9716,-75.9376,-75.9028,-75.8673,-75.8311,-75.7945,-75.7574,-75.7201,-75.6826,-75.6453,-75.6085,-75.5728,-75.5388,-75.5075,-75.4804,-75.4592,-75.4465,-75.4456,-75.4606,-75.496,-75.5565,-75.6461
4.25,-75.9491,-76.0134,-76.0797,-76.1287,-76.1584,-76.1718,-76.1723,-76.1631,-76.1469,-76.1255,-76.1003,-76.0723,-76.0422,-76.0106,-75.9777,-75.9438,-75.9091,-75.8737,-75.8377,-75.8011,-75.7642,-75.7269,-75.6896,-75.6524,-75.6158,-75.5801,-75.5463,-75.5151,-75.4881,-75.467,-75.4544,-75.4536,-75.4686,-75.504,-75.5644,-75.6538
4.255,-75.9546,-76.0189,-76.0851,-76.1341,-76.1638,-76.1772,-76.1777,-76.1687,-76.1525,-76.1312,-76.106,-76.0781,-76.0482,-76.0166,-75.9838,-75.9501,-75.9155,-75.8801,-75.8442,-75.8078,-75.7709,-75.7338,-75.6966,-75.6595,-75.623,-75.5875,-75.5537,-75.5227,-75.4958,-75.4748,-75.4623,-75.4615,-75.4765,-75.5119,-75.5722,-75.6615
4.26,-75.9601,-76.0243,-76.0905,-76.1395,-76.1692,-76.1826,-76.1832,-76.1742,-76.1581,-76.1368,-76.1118,-76.084,-76.0541,-76.0226,-75.99,-75.9563,-75.9218,-75.8865,-75.8507,-75.8144,-75.7776,-75.7406,-75.7035,-75.6666,-75.6301,-75.5948,-75.5611,-75.5302,-75.5034,-75.4826,-75.4701,-75.4694,-75.4845,-75.5198,-75.58,-75.6692
4.265,-75.9655,-76.0297,-76.0959,-76.1448,-76.1746,-76.188,-76.1887,-76.1797,-76.1637,-76.1425,-76.1175,-76.0898,-76.06,-76.0286,-75.996,-75.9625,-75.928,-75.8929,-75.8572,-75.821,-75.7843,-75.7474,-75.7104,-75.6736,-75.6373,-75.602,-75.5685,-75.5377,-75.511,-75.4903,-75.478,-75.4773,-75.4924,-75.5277,-75.5878,-75.6768
4.27,-75.971,-76.0351,-76.1013,-76.1502,-76.18,-76.1934,-76.1941,-76.1852,-76.1693,-76.1481,-76.1233,-76.0956,-76.0659,-76.0346,-76.0021,-75.9686,-75.9343,-75.8993,-75.8637,-75.8275,-75.791,-75.7542,-75.7173,-75.6806,-75.6444,-75.6093,-75.5759,-75.5452,-75.5186,-75.498,-75.4857,-75.4851,-75.5002,-75.5355,-75.5956,-75.6845
4.275,-75.9764,-76.0405,-76.1067,-76.1556,-76.1854,-76.1988,-76.1996,-76.1907,-76.1748,-76.1538,-76.129,-76.1014,-76.0718,-76.0406,-76.0082,-75.9748,-75.9405,-75.9056,-75.8701,-75.8341,-75.7977,-75.761,-75.7242,-75.6876,-75.6516,-75.6165,-75.5833,-75.5527,-75.5262,-75.5057,-75.4935,-75.493,-75.5081,-75.5434,-75.6033,-75.692
4.28,-75.9818,-76.0459,-76.112,-76.1609,-76.1907,-76.2042,-76.205,-76.1962,-76.1804,-76.1594,-76.1347,-76.1072,-76.0777,-76.0465,-76.0142,-75.9809,-75.9468,-75.9119,-75.8765,-75.8406,-75.8043,-75.7677,-75.7311,-75.6946,-75.6587,-75.6237,-75.5906,-75.5601,-75.5338,-75.5133,-75.5012,-75.5008,-75.5159,-75.5512,-75.6111,-75.6996
4.285,-75.9872,-76.0513,-76.1173,-76.1662,-76.196,-76.2096,-76.2104,-76.2017,-76.1859,-76.165,-76.1404,-76.113,-76.0835,-76.0525,-76.0202,-75.987,-75.953,-75.9183,-75.8829,-75.8471,-75.8109,-75.7745,-75.7379,-75.7016,-75.6657,-75.6309,-75.5979,-75.5676,-75.5413,-75.5209,-75.5089,-75.5085,-75.5237,-75.5589,-75.6187,-75.7072
4.29,-75.9926,-76.0566,-76.1227,-76.1715,-76.2014,-76.2149,-76.2158,-76.2071,-76.1914,-76.1706,-76.146,-76.1187,-76.0893,-76.0584,-76.0263,-75.9931,-75.9592,-75.9246,-75.8893,-75.8536,-75.8175,-75.7812,-75.7447,-75.7085,-75.6728,-75.6381,-75.6052,-75.575,-75.5488,-75.5285,-75.5166,-75.5163,-75.5314,-75.5667,-75.6264,-75.7147
4.295,-75.998,-76.062,-76.128,-76.1768,-76.2067,-76.2203,-76.2212,-76.2126,-76.1969,-76.1762,-76.1517,-76.1244,-76.0952,-76.0643,-76.0322,-75.9992,-75.9654,-75.9308,-75.8957,-75.8601,-75.8241,-75.7879,-75.7515,-75.7154,-75.6798,-75.6452,-75.6124,-75.5823,-75.5563,-75.5361,-75.5243,-75.524,-75.5392,-75.5744,-75.634,-75.7222
4.3,-76.0034,-76.0673,-76.1333,-76.1821,-76.212,-76.2256,-76.2266,-76.218,-76.2024,-76.1817,-76.1573,-76.1302,-76.101,-76.0702,-76.0382,-76.0053,-75.9715,-75.9371,-75.9021,-75.8666,-75.8307,-75.7945,-75.7583,-75.7223,-75.6868,-75.6524,-75.6197,-75.5897,-75.5637,-75.5437,-75.5319,-75.5317,-75.5469,-75.5821,-75.6416,-75.7296
4.305,-76.0088,-76.0727,-76.1386,-76.1874,-76.2172,-76.2309,-76.2319,-76.2234,-76.2079,-76.1873,-76.1629,-76.1359,-76.1067,-76.0761,-76.0442,-76.0113,-75.9777,-75.9433,-75.9084,-75.873,-75.8372,-75.8012,-75.7651,-75.7292,-75.6938,-75.6595,-75.6269,-75.597,-75.5712,-75.5512,-75.5395,-75.5393,-75.5546,-75.5897,-75.6492,-75.737
4.31,-76.0141,-76.078,-76.1438,-76.1926,-76.2225,-76.2362,-76.2373,-76.2288,-76.2134,-76.1928,-76.1686,-76.1416,-76.1125,-76.0819,-76.0501,-76.0174,-75.9838,-75.9496,-75.9147,-75.8794,-75.8437,-75.8078,-75.7718,-75.736,-75.7008,-75.6665,-75.6341,-75.6043,-75.5786,-75.5587,-75.5471,-75.547,-75.5622,-75.5974,-75.6568,-75.7445
4.315,-76.0195,-76.0833,-76.1491,-76.1979,-76.2278,-76.2415,-76.2426,-76.2342,-76.2188,-76.1983,-76.1742,-76.1472,-76.1183,-76.0878,-76.0561,-76.0234,-75.9899,-75.9558,-75.921,-75.8858,-75.8503,-75.8144,-75.7785,-75.7429,-75.7077,-75.6736,-75.6412,-75.6116,-75.586,-75.5662,-75.5547,-75.5546,-75.5699,-75.605,-75.6643,-75.7518
4.32,-76.0248,-76.0886,-76.1544,-76.2031,-76.233,-76.2468,-76.2479,-76.2396,-76.2243,-76.2039,-76.1797,-76.1529,-76.124,-76.0936,-76.062,-76.0294,-75.996,-75.962,-75.9273,-75.8922,-75.8567,-75.821,-75.7852,-75.7497,-75.7146,-75.6806,-75.6484,-75.6189,-75.5933,-75.5737,-75.5622,-75.5622,-75.5775,-75.6125,-75.6718,-75.7592
4.325,-76.0301,-76.0938,-76.1596,-76.2084,-76.2382,-76.252,-76.2532,-76.2449,-76.2297,-76.2094,-76.1853,-76.1585,-76.1297,-76.0994,-76.0679,-76.0354,-76.0021,-75.9681,-75.9336,-75.8986,-75.8632,-75.8276,-75.7919,-75.7565,-75.7215,-75.6877,-75.6555,-75.6261,-75.6007,-75.5811,-75.5697,-75.5698,-75.5851,-75.6201,-75.6793,-75.7665
4.33,-76.0354,-76.0991,-76.1648,-76.2136,-76.2435,-76.2573,-76.2585,-76.2503,-76.2351,-76.2148,-76.1909,-76.1642,-76.1355,-76.1052,-76.0738,-76.0414,-76.0081,-75.9743,-75.9398,-75.9049,-75.8697,-75.8342,-75.7986,-75.7632,-75.7284,-75.6946,-75.6626,-75.6333,-75.608,-75.5885,-75.5772,-75.5773,-75.5926,-75.6276,-75.6867,-75.7738
4.335,-76.0407,-76.1044,-76.17,-76.2188,-76.2487,-76.2625,-76.2638,-76.2556,-76.2405,-76.2203,-76.1964,-76.1698,-76.1412,-76.111,-76.0796,-76.0473,-76.0142,-75.9804,-75.9461,-75.9113,-75.8761,-75.8407,-75.8052,-75.77,-75.7353,-75.7016,-75.6697,-75.6405,-75.6153,-75.5959,-75.5847,-75.5848,-75.6002,-75.6351,-75.6942,-75.7811
4.34,-76.046,-76.1096,-76.1752,-76.224,-76.2539,-76.2677,-76.2691,-76.2609,-76.2459,-76.2258,-76.2019,-76.1754,-76.1468,-76.1168,-76.0855,-76.0532,-76.0202,-75.9865,-75.9523,-75.9176,-75.8825,-75.8472,-75.8119,-75.7767,-75.7421,-75.7086,-75.6768,-75.6477,-75.6226,-75.6032,-75.5921,-75.5923,-75.6077,-75.6426,-75.7016,-75.7884
4.345,-76.0512,-76.1148,-76.1804,-76.2291,-76.2591,-76.2729,-76.2743,-76.2663,-76.2513,-76.2312,-76.2075,-76.181,-76.1525,-76.1225,-76.0913,-76.0592,-76.0262,-75.9927,-75.9585,-75.9239,-75.8889,-75.8537,-75.8185,-75.7834,-75.7489,-75.7155,-75.6838,-75.6548,-75.6298,-75.6106,-75.5995,-75.5998,-75.6152,-75.6501,-75.7089,-75.7956
4.35,-76.0565,-76.12,-76.1856,-76.2343,-76.2642,-76.2782,-76.2796,-76.2715,-76.2566,-76.2366,-76.2129,-76.1866,-76.1582,-76.1282,-76.0971,-76.0651,-76.0322,-75.9987,-75.9647,-75.9302,-75.8953,-75.8602,-75.8251,-75.7901,-75.7557,-75.7224,-75.6908,-75.6619,-75.637,-75.6179,-75.6069,-75.6072,-75.6226,-75.6575,-75.7163,-75.8028
4.355,-76.0618,-76.1253,-76.1908,-76.2394,-76.2694,-76.2833,-76.2848,-76.2768,-76.262,-76.242,-76.2184,-76.1921,-76.1638,-76.134,-76.1029,-76.071,-76.0382,-76.0048,-75.9709,-75.9364,-75.9017,-75.8667,-75.8316,-75.7968,-75.7625,-75.7293,-75.6978,-75.669,-75.6442,-75.6252,-75.6143,-75.6146,-75.6301,-75.6649,-75.7236,-75.81
4.36,-76.067,-76.1304,-76.1959,-76.2446,-76.2745,-76.2885,-76.29,-76.2821,-76.2673,-76.2474,-76.2239,-76.1977,-76.1694,-76.1397,-76.1087,-76.0769,-76.0442,-76.0109,-75.977,-75.9427,-75.908,-75.8731,-75.8382,-75.8035,-75.7693,-75.7362,-75.7048,-75.6761,-75.6514,-75.6325,-75.6216,-75.622,-75.6375,-75.6723,-75.7309,-75.8172
4.365,-76.0722,-76.1356,-76.2011,-76.2497,-76.2797,-76.2937,-76.2952,-76.2874,-76.2726,-76.2528,-76.2294,-76.2032,-76.175,-76.1454,-76.1145,-76.0827,-76.0501,-76.0169,-75.9831,-75.9489,-75.9143,-75.8795,-75.8447,-75.8101,-75.776,-75.743,-75.7118,-75.6832,-75.6586,-75.6397,-75.6289,-75.6294,-75.6448,-75.6797,-75.7382,-75.8243
4.37,-76.0774,-76.1408,-76.2062,-76.2548,-76.2848,-76.2988,-76.3004,-76.2926,-76.2779,-76.2582,-76.2348,-76.2087,-76.1806,-76.151,-76.1203,-76.0886,-76.0561,-76.0229,-75.9893,-75.9551,-75.9206,-75.8859,-75.8512,-75.8167,-75.7827,-75.7498,-75.7187,-75.6902,-75.6657,-75.6469,-75.6362,-75.6367,-75.6522,-75.687,-75.7454,-75.8314
4.375,-76.0826,-76.146,-76.2113,-76.2599,-76.2899,-76.304,-76.3056,-76.2978,-76.2832,-76.2636,-76.2402,-76.2142,-76.1862,-76.1567,-76.126,-76.0944,-76.062,-76.0289,-75.9954,-75.9613,-75.9269,-75.8923,-75.8577,-75.8233,-75.7895,-75.7567,-75.7256,-75.6972,-75.6728,-75.6541,-75.6435,-75.6441,-75.6595,-75.6943,-75.7527,-75.8385
4.38,-76.0878,-76.1511,-76.2165,-76.265,-76.295,-76.3091,-76.3108,-76.3031,-76.2885,-76.2689,-76.2457,-76.2197,-76.1918,-76.1624,-76.1318,-76.1002,-76.0679,-76.0349,-76.0014,-75.9675,-75.9332,-75.8987,-75.8642,-75.8299,-75.7961,-75.7634,-75.7325,-75.7042,-75.6799,-75.6613,-75.6508,-75.6513,-75.6669,-75.7016,-75.7599,-75.8456
4.385,-76.093,-76.1563,-76.2216,-76.2701,-76.3001,-76.3142,-76.3159,-76.3083,-76.2938,-76.2742,-76.2511,-76.2252,-76.1974,-76.168,-76.1375,-76.106,-76.0738,-76.0409,-76.0075,-75.9737,-75.9395,-75.9051,-75.8706,-75.8364,-75.8028,-75.7702,-75.7394,-75.7112,-75.687,-75.6685,-75.658,-75.6586,-75.6741,-75.7089,-75.7671,-75.8526
4.39,-76.0982,-76.1614,-76.2266,-76.2752,-76.3052,-76.3193,-76.3211,-76.3135,-76.299,-76.2796,-76.2565,-76.2307,-76.2029,-76.1736,-76.1432,-76.1118,-76.0797,-76.0469,-76.0136,-75.9798,-75.9457,-75.9114,-75.8771,-75.843,-75.8094,-75.777,-75.7462,-75.7181,-75.694,-75.6756,-75.6652,-75.6659,-75.6814,-75.7161,-75.7742,-75.8596
4.395,-76.1033,-76.1665,-76.2317,-76.2803,-76.3103,-76.3244,-76.3262,-76.3187,-76.3043,-76.2849,-76.2618,-76.2361,-76.2084,-76.1792,-76.1489,-76.1176,-76.0855,-76.0528,-76.0196,-75.9859,-75.9519,-75.9177,-75.8835,-75.8495,-75.8161,-75.7837,-75.7531,-75.7251,-75.701,-75.6827,-75.6724,-75.6731,-75.6887,-75.7233,-75.7814,-75.8666
4.4,-76.1085,-76.1716,-76.2368,-76.2853,-76.3153,-76.3295,-76.3313,-76.3238,-76.3095,-76.2902,-76.2672,-76.2416,-76.2139,-76.1848,-76.1545,-76.1233,-76.0914,-76.0588,-76.0256,-75.992,-75.9581,-75.924,-75.8899,-75.856,-75.8227,-75.7904,-75.7599,-75.732,-75.7081,-75.6898,-75.6795,-75.6803,-75.6959,-75.7305,-75.7885,-75.8736
4.405,-76.1136,-76.1767,-76.2418,-76.2903,-76.3204,-76.3346,-76.3364,-76.329,-76.3147,-76.2955,-76.2726,-76.247,-76.2194,-76.1904,-76.1602,-76.1291,-76.0972,-76.0647,-76.0316,-75.9981,-75.9643,-75.9303,-75.8963,-75.8625,-75.8293,-75.7971,-75.7667,-75.7389,-75.715,-75.6969,-75.6867,-75.6875,-75.7031,-75.7377,-75.7956,-75.8805
4.41,-76.1187,-76.1818,-76.2469,-76.2954,-76.3254,-76.3396,-76.3415,-76.3341,-76.3199,-76.3007,-76.2779,-76.2524,-76.2249,-76.196,-76.1658,-76.1348,-76.103,-76.0706,-76.0376,-76.0042,-75.9705,-75.9366,-75.9027,-75.8689,-75.8358,-75.8038,-75.7734,-75.7457,-75.722,-75.7039,-75.6938,-75.6946,-75.7103,-75.7448,-75.8026,-75.8875
4.415,-76.1238,-76.1869,-76.2519,-76.3004,-76.3304,-76.3447,-76.3466,-76.3393,-76.3251,-76.306,-76.2832,-76.2578,-76.2304,-76.2015,-76.1715,-76.1405,-76.1088,-76.0764,-76.0436,-76.0103,-75.9767,-75.9428,-75.909,-75.8754,-75.8424,-75.8104,-75.7802,-75.7526,-75.7289,-75.7109,-75.7009,-75.7018,-75.7174,-75.752,-75.8097,-75.8944
4.42,-76.1289,-76.1919,-76.2569,-76.3054,-76.3354,-76.3497,-76.3517,-76.3444,-76.3303,-76.3112,-76.2885,-76.2632,-76.2359,-76.2071,-76.1771,-76.1462,-76.1146,-76.0823,-76.0495,-76.0163,-75.9828,-75.9491,-75.9153,-75.8818,-75.8489,-75.817,-75.7869,-75.7594,-75.7359,-75.7179,-75.7079,-75.7089,-75.7245,-75.759,-75.8167,-75.9013
4.425,-76.134,-76.197,-76.262,-76.3104,-76.3404,-76.3547,-76.3567,-76.3495,-76.3355,-76.3165,-76.2938,-76.2686,-76.2413,-76.2126,-76.1827,-76.1519,-76.1203,-76.0882,-76.0555,-76.0224,-75.9889,-75.9553,-75.9216,-75.8882,-75.8554,-75.8237,-75.7936,-75.7662,-75.7428,-75.7249,-75.715,-75.716,-75.7316,-75.7661,-75.8237,-75.9081
4.43,-76.1391,-76.202,-76.267,-76.3154,-76.3454,-76.3597,-76.3618,-76.3546,-76.3406,-76.3217,-76.2991,-76.2739,-76.2467,-76.2181,-76.1883,-76.1576,-76.1261,-76.094,-76.0614,-76.0284,-75.995,-75.9615,-75.9279,-75.8946,-75.8619,-75.8302,-75.8003,-75.773,-75.7496,-75.7319,-75.722,-75.7231,-75.7387,-75.7732,-75.8307,-75.915
4.435,-76.1442,-76.207,-76.2719,-76.3203,-76.3504,-76.3647,-76.3668,-76.3597,-76.3458,-76.3269,-76.3044,-76.2793,-76.2522,-76.2236,-76.1939,-76.1632,-76.1318,-76.0998,-76.0673,-76.0344,-76.0011,-75.9677,-75.9342,-75.901,-75.8684,-75.8368,-75.807,-75.7798,-75.7565,-75.7388,-75.729,-75.7301,-75.7458,-75.7802,-75.8376,-75.9218
4.44,-76.1493,-76.2121,-76.2769,-76.3253,-76.3553,-76.3697,-76.3719,-76.3648,-76.3509,-76.3321,-76.3097,-76.2846,-76.2576,-76.2291,-76.1994,-76.1689,-76.1376,-76.1056,-76.0732,-76.0404,-76.0072,-75.9738,-75.9405,-75.9074,-75.8748,-75.8434,-75.8136,-75.7865,-75.7633,-75.7457,-75.736,-75.7371,-75.7528,-75.7872,-75.8445,-75.9286
4.445,-76.1543,-76.2171,-76.2819,-76.3302,-76.3603,-76.3747,-76.3769,-76.3698,-76.356,-76.3373,-76.3149,-76.2899,-76.263,-76.2345,-76.205,-76.1745,-76.1433,-76.1114,-76.0791,-76.0463,-76.0132,-75.98,-75.9467,-75.9137,-75.8813,-75.8499,-75.8203,-75.7933,-75.7701,-75.7526,-75.743,-75.7441,-75.7598,-75.7942,-75.8515,-75.9353
4.45,-76.1593,-76.2221,-76.2868,-76.3352,-76.3652,-76.3797,-76.3819,-76.3749,-76.3611,-76.3425,-76.3202,-76.2952,-76.2683,-76.24,-76.2105,-76.1801,-76.149,-76.1172,-76.0849,-76.0523,-76.0193,-75.9861,-75.953,-75.92,-75.8877,-75.8564,-75.8269,-75.8,-75.7769,-75.7595,-75.7499,-75.7511,-75.7668,-75.8012,-75.8583,-75.9421
4.455,-76.1644,-76.227,-76.2918,-76.3401,-76.3702,-76.3846,-76.3869,-76.3799,-76.3662,-76.3476,-76.3254,-76.3005,-76.2737,-76.2454,-76.216,-76.1857,-76.1546,-76.123,-76.0908,-76.0582,-76.0253,-75.9922,-75.9592,-75.9263,-75.8941,-75.8629,-75.8335,-75.8067,-75.7837,-75.7664,-75.7568,-75.7581,-75.7738,-75.8081,-75.8652,-75.9488
4.46,-76.1694,-76.232,-76.2967,-76.345,-76.3751,-76.3896,-76.3919,-76.385,-76.3713,-76.3528,-76.3306,-76.3058,-76.2791,-76.2509,-76.2215,-76.1913,-76.1603,-76.1287,-76.0966,-76.0641,-76.0313,-75.9983,-75.9654,-75.9326,-75.9005,-75.8694,-75.84,-75.8133,-75.7905,-75.7732,-75.7637,-75.765,-75.7808,-75.815,-75.872,-75.9555
4.465,-76.1744,-76.237,-76.3017,-76.3499,-76.38,-76.3945,-76.3968,-76.39,-76.3764,-76.3579,-76.3358,-76.3111,-76.2844,-76.2563,-76.227,-76.1968,-76.1659,-76.1344,-76.1024,-76.07,-76.0373,-76.0044,-75.9715,-75.9389,-75.9069,-75.8759,-75.8466,-75.82,-75.7972,-75.78,-75.7706,-75.7719,-75.7877,-75.8219,-75.8789,-75.9622
4.47,-76.1794,-76.2419,-76.3066,-76.3548,-76.3849,-76.3994,-76.4018,-76.395,-76.3815,-76.363,-76.341,-76.3163,-76.2897,-76.2617,-76.2325,-76.2024,-76.1716,-76.1402,-76.1082,-76.0759,-76.0433,-76.0105,-75.9777,-75.9452,-75.9132,-75.8823,-75.8531,-75.8266,-75.8039,-75.7868,-75.7775,-75.7789,-75.7946,-75.8288,-75.8857,-75.9689
4.475,-76.1844,-76.2469,-76.3115,-76.3597,-76.3898,-76.4043,-76.4067,-76.4,-76.3865,-76.3681,-76.3462,-76.3216,-76.2951,-76.2671,-76.2379,-76.2079,-76.1772,-76.1459,-76.114,-76.0818,-76.0492,-76.0165,-75.9838,-75.9514,-75.9195,-75.8887,-75.8597,-75.8332,-75.8106,-75.7936,-75.7843,-75.7857,-75.8015,-75.8357,-75.8924,-75.9755
4.48,-76.1894,-76.2518,-76.3164,-76.3646,-76.3947,-76.4092,-76.4117,-76.405,-76.3915,-76.3732,-76.3513,-76.3268,-76.3004,-76.2724,-76.2434,-76.2135,-76.1828,-76.1516,-76.1198,-76.0876,-76.0552,-76.0226,-75.99,-75.9576,-75.9258,-75.8951,-75.8662,-75.8398,-75.8173,-75.8003,-75.7911,-75.7926,-75.8083,-75.8425,-75.8992,-75.9821
4.485,-76.1943,-76.2567,-76.3212,-76.3694,-76.3995,-76.4141,-76.4166,-76.4099,-76.3966,-76.3783,-76.3565,-76.332,-76.3056,-76.2778,-76.2488,-76.219,-76.1884,-76.1572,-76.1256,-76.0935,-76.0611,-76.0286,-75.9961,-75.9638,-75.9321,-75.9015,-75.8727,-75.8464,-75.824,-75.8071,-75.7979,-75.7994,-75.8152,-75.8493,-75.9059,-75.9887
4.49,-76.1993,-76.2616,-76.3261,-76.3743,-76.4044,-76.419,-76.4215,-76.4149,-76.4016,-76.3834,-76.3616,-76.3372,-76.3109,-76.2831,-76.2543,-76.2245,-76.194,-76.1629,-76.1313,-76.0993,-76.067,-76.0346,-76.0022,-75.97,-75.9384,-75.9079,-75.8791,-75.8529,-75.8306,-75.8138,-75.8047,-75.8062,-75.822,-75.8561,-75.9127,-75.9953
4.495,-76.2042,-76.2665,-76.331,-76.3791,-76.4092,-76.4239,-76.4264,-76.4199,-76.4066,-76.3885,-76.3667,-76.3424,-76.3162,-76.2885,-76.2597,-76.23,-76.1995,-76.1685,-76.137,-76.1051,-76.0729,-76.0406,-76.0082,-75.9762,-75.9447,-75.9143,-75.8856,-75.8595,-75.8372,-75.8205,-75.8114,-75.813,-75.8288,-75.8629,-75.9193,-76.0019
4.5,-76.2092,-76.2714,-76.3358,-76.384,-76.4141,-76.4287,-76.4313,-76.4248,-76.4116,-76.3935,-76.3719,-76.3476,-76.3214,-76.2938,-76.2651,-76.2354,-76.2051,-76.1742,-76.1427,-76.1109,-76.0788,-76.0465,-76.0143,-75.9823,-75.9509,-75.9206,-75.892,-75.866,-75.8438,-75.8272,-75.8182,-75.8198,-75.8356,-75.8697,-75.926,-76.0084
4.505,-76.2141,-76.2763,-76.3407,-76.3888,-76.4189,-76.4336,-76.4362,-76.4297,-76.4166,-76.3985,-76.377,-76.3528,-76.3267,-76.2991,-76.2704,-76.2409,-76.2106,-76.1798,-76.1484,-76.1167,-76.0847,-76.0525,-76.0203,-75.9884,-75.9571,-75.9269,-75.8984,-75.8725,-75.8504,-75.8338,-75.8249,-75.8266,-75.8424,-75.8764,-75.9327,-76.015
4.51,-76.219,-76.2812,-76.3455,-76.3936,-76.4237,-76.4384,-76.441,-76.4346,-76.4215,-76.4036,-76.382,-76.3579,-76.3319,-76.3044,-76.2758,-76.2463,-76.2162,-76.1854,-76.1541,-76.1225,-76.0905,-76.0584,-76.0264,-75.9946,-75.9634,-75.9332,-75.9048,-75.879,-75.857,-75.8404,-75.8316,-75.8333,-75.8491,-75.8831,-75.9393,-76.0215
4.515,-76.2239,-76.286,-76.3503,-76.3984,-76.4285,-76.4432,-76.4459,-76.4395,-76.4265,-76.4086,-76.3871,-76.3631,-76.3371,-76.3097,-76.2812,-76.2518,-76.2217,-76.191,-76.1598,-76.1282,-76.0964,-76.0644,-76.0324,-76.0007,-75.9696,-75.9395,-75.9112,-75.8854,-75.8635,-75.8471,-75.8383,-75.84,-75.8558,-75.8898,-75.9459,-76.0279
4.52,-76.2288,-76.2909,-76.3551,-76.4032,-76.4333,-76.448,-76.4508,-76.4444,-76.4314,-76.4136,-76.3922,-76.3682,-76.3423,-76.315,-76.2865,-76.2572,-76.2272,-76.1965,-76.1654,-76.134,-76.1022,-76.0703,-76.0384,-76.0068,-75.9757,-75.9458,-75.9175,-75.8919,-75.87,-75.8537,-75.8449,-75.8467,-75.8625,-75.8965,-75.9525,-76.0344
4.525,-76.2337,-76.2957,-76.3599,-76.408,-76.4381,-76.4528,-76.4556,-76.4493,-76.4364,-76.4186,-76.3973,-76.3733,-76.3475,-76.3202,-76.2919,-76.2626,-76.2326,-76.2021,-76.1711,-76.1397,-76.108,-76.0762,-76.0444,-76.0128,-75.9819,-75.952,-75.9239,-75.8983,-75.8765,-75.8602,-75.8516,-75.8534,-75.8692,-75.9031,-75.9591,-76.0408
4.53,-76.2385,-76.3006,-76.3647,-76.4127,-76.4428,-76.4576,-76.4604,-76.4542,-76.4413,-76.4236,-76.4023,-76.3784,-76.3527,-76.3255,-76.2972,-76.268,-76.2381,-76.2076,-76.1767,-76.1454,-76.1138,-76.082,-76.0503,-76.0189,-75.988,-75.9582,-75.9302,-75.9047,-75.883,-75.8668,-75.8582,-75.86,-75.8759,-75.9097,-75.9656,-76.0473
4.535,-76.2434,-76.3054,-76.3695,-76.4175,-76.4476,-76.4624,-76.4652,-76.459,-76.4462,-76.4285,-76.4073,-76.3835,-76.3578,-76.3307,-76.3025,-76.2734,-76.2436,-76.2132,-76.1823,-76.1511,-76.1196,-76.0879,-76.0563,-76.0249,-75.9941,-75.9645,-75.9365,-75.9111,-75.8895,-75.8733,-75.8648,-75.8667,-75.8825,-75.9163,-75.9722,-76.0537
4.54,-76.2483,-76.3102,-76.3743,-76.4222,-76.4524,-76.4672,-76.47,-76.4639,-76.4511,-76.4335,-76.4124,-76.3886,-76.363,-76.3359,-76.3078,-76.2787,-76.249,-76.2187,-76.1879,-76.1568,-76.1253,-76.0937,-76.0622,-76.0309,-76.0003,-75.9707,-75.9428,-75.9175,-75.896,-75.8799,-75.8714,-75.8733,-75.8891,-75.9229,-75.9787,-76.06
4.545,-76.2531,-76.315,-76.379,-76.427,-76.4571,-76.4719,-76.4748,-76.4687,-76.456,-76.4384,-76.4174,-76.3937,-76.3681,-76.3411,-76.313,-76.2841,-76.2544,-76.2242,-76.1935,-76.1624,-76.1311,-76.0996,-76.0681,-76.0369,-76.0063,-75.9768,-75.949,-75.9238,-75.9024,-75.8864,-75.8779,-75.8799,-75.8957,-75.9295,-75.9852,-76.0664
4.55,-76.2579,-76.3198,-76.3838,-76.4317,-76.4618,-76.4767,-76.4796,-76.4736,-76.4609,-76.4434,-76.4224,-76.3988,-76.3733,-76.3463,-76.3183,-76.2894,-76.2598,-76.2297,-76.1991,-76.1681,-76.1368,-76.1054,-76.074,-76.0429,-76.0124,-75.983,-75.9553,-75.9302,-75.9088,-75.8928,-75.8845,-75.8864,-75.9023,-75.9361,-75.9916,-76.0727
4.555,-76.2628,-76.3246,-76.3885,-76.4364,-76.4665,-76.4814,-76.4844,-76.4784,-76.4658,-76.4483,-76.4273,-76.4038,-76.3784,-76.3515,-76.3236,-76.2948,-76.2653,-76.2352,-76.2046,-76.1737,-76.1425,-76.1112,-76.0799,-76.0489,-76.0185,-75.9892,-75.9615,-75.9365,-75.9152,-75.8993,-75.891,-75.893,-75.9089,-75.9426,-75.9981,-76.0791
4.56,-76.2676,-76.3293,-76.3932,-76.4411,-76.4713,-76.4862,-76.4892,-76.4832,-76.4706,-76.4532,-76.4323,-76.4088,-76.3835,-76.3567,-76.3288,-76.3001,-76.2706,-76.2406,-76.2102,-76.1793,-76.1482,-76.117,-76.0858,-76.0548,-76.0245,-75.9953,-75.9677,-75.9428,-75.9216,-75.9058,-75.8975,-75.8995,-75.9154,-75.9491,-76.0045,-76.0854
4.565,-76.2724,-76.3341,-76.3979,-76.4458,-76.476,-76.4909,-76.4939,-76.488,-76.4755,-76.4581,-76.4373,-76.4139,-76.3886,-76.3619,-76.334,-76.3054,-76.276,-76.2461,-76.2157,-76.1849,-76.1539,-76.1227,-76.0916,-76.0608,-76.0306,-76.0014,-75.9739,-75.9491,-75.9279,-75.9122,-75.904,-75.9061,-75.9219,-75.9556,-76.0109,-76.0917
4.57,-76.2772,-76.3388,-76.4026,-76.4505,-76.4806,-76.4956,-76.4986,-76.4928,-76.4803,-76.463,-76.4422,-76.4189,-76.3937,-76.367,-76.3393,-76.3107,-76.2814,-76.2515,-76.2212,-76.1905,-76.1596,-76.1285,-76.0975,-76.0667,-76.0366,-76.0075,-75.9801,-75.9553,-75.9343,-75.9186,-75.9104,-75.9125,-75.9284,-75.9621,-76.0173,-76.0979
4.575,-76.282,-76.3436,-76.4073,-76.4552,-76.4853,-76.5003,-76.5034,-76.4975,-76.4851,-76.4679,-76.4472,-76.4239,-76.3987,-76.3721,-76.3445,-76.3159,-76.2867,-76.2569,-76.2267,-76.1961,-76.1652,-76.1342,-76.1033,-76.0726,-76.0426,-76.0136,-75.9863,-75.9616,-75.9406,-75.925,-75.9169,-75.919,-75.9349,-75.9685,-76.0237,-76.1042
4.58,-76.2868,-76.3483,-76.412,-76.4599,-76.49,-76.505,-76.5081,-76.5023,-76.4899,-76.4728,-76.4521,-76.4289,-76.4038,-76.3773,-76.3497,-76.3212,-76.2921,-76.2624,-76.2322,-76.2017,-76.1709,-76.14,-76.1091,-76.0785,-76.0485,-76.0196,-75.9924,-75.9678,-75.9469,-75.9314,-75.9233,-75.9255,-75.9414,-75.9749,-76.0301,-76.1104
4.585,-76.2915,-76.353,-76.4167,-76.4645,-76.4947,-76.5097,-76.5128,-76.5071,-76.4947,-76.4776,-76.457,-76.4339,-76.4088,-76.3824,-76.3548,-76.3264,-76.2974,-76.2677,-76.2377,-76.2072,-76.1765,-76.1457,-76.1149,-76.0844,-76.0545,-76.0257,-75.9986,-75.974,-75.9532,-75.9377,-75.9297,-75.9319,-75.9478,-75.9814,-76.0364,-76.1166
4.59,-76.2963,-76.3577,-76.4214,-76.4692,-76.4993,-76.5143,-76.5175,-76.5118,-76.4995,-76.4825,-76.4619,-76.4388,-76.4139,-76.3875,-76.36,-76.3317,-76.3027,-76.2731,-76.2431,-76.2128,-76.1821,-76.1514,-76.1207,-76.0903,-76.0604,-76.0317,-76.0047,-75.9802,-75.9595,-75.9441,-75.9361,-75.9384,-75.9543,-75.9877,-76.0427,-76.1228
4.595,-76.301,-76.3624,-76.426,-76.4738,-76.5039,-76.519,-76.5222,-76.5165,-76.5043,-76.4873,-76.4668,-76.4438,-76.4189,-76.3926,-76.3652,-76.3369,-76.308,-76.2785,-76.2486,-76.2183,-76.1877,-76.1571,-76.1264,-76.0961,-76.0664,-76.0377,-76.0108,-75.9864,-75.9657,-75.9504,-75.9425,-75.9448,-75.9607,-75.9941,-76.049,-76.129
4.6,-76.3058,-76.3671,-76.4307,-76.4784,-76.5086,-76.5236,-76.5269,-76.5213,-76.5091,-76.4921,-76.4717,-76.4487,-76.4239,-76.3976,-76.3703,-76.3421,-76.3133,-76.2839,-76.254,-76.2238,-76.1933,-76.1627,-76.1322,-76.1019,-76.0723,-76.0437,-76.0169,-75.9925,-75.972,-75.9567,-75.9488,-75.9511,-75.9671,-76.0005,-76.0553,-76.1351
4.605,-76.3105,-76.3718,-76.4353,-76.4831,-76.5132,-76.5283,-76.5315,-76.526,-76.5138,-76.4969,-76.4766,-76.4537,-76.4289,-76.4027,-76.3754,-76.3473,-76.3185,-76.2892,-76.2594,-76.2293,-76.1989,-76.1684,-76.1379,-76.1077,-76.0782,-76.0497,-76.0229,-75.9987,-75.9782,-75.963,-75.9552,-75.9575,-75.9734,-76.0068,-76.0616,-76.1413
4.61,-76.3152,-76.3765,-76.44,-76.4877,-76.5178,-76.5329,-76.5362,-76.5307,-76.5186,-76.5017,-76.4814,-76.4586,-76.4339,-76.4077,-76.3805,-76.3525,-76.3238,-76.2945,-76.2648,-76.2348,-76.2044,-76.174,-76.1436,-76.1135,-76.0841,-76.0557,-76.029,-76.0048,-75.9844,-75.9692,-75.9615,-75.9639,-75.9798,-76.0131,-76.0678,-76.1474
4.615,-76.3199,-76.3812,-76.4446,-76.4923,-76.5224,-76.5375,-76.5409,-76.5354,-76.5233,-76.5065,-76.4863,-76.4635,-76.4388,-76.4128,-76.3857,-76.3577,-76.329,-76.2999,-76.2702,-76.2402,-76.21,-76.1796,-76.1493,-76.1193,-76.09,-76.0616,-76.035,-76.0109,-75.9906,-75.9755,-75.9678,-75.9702,-75.9861,-76.0194,-76.074,-76.1535
4.62,-76.3246,-76.3858,-76.4492,-76.4969,-76.527,-76.5421,-76.5455,-76.54,-76.5281,-76.5113,-76.4911,-76.4684,-76.4438,-76.4178,-76.3908,-76.3629,-76.3343,-76.3052,-76.2756,-76.2457,-76.2155,-76.1852,-76.155,-76.1251,-76.0958,-76.0676,-76.041,-76.017,-75.9967,-75.9817,-75.9741,-75.9765,-75.9924,-76.0257,-76.0802,-76.1596
4.625,-76.3293,-76.3905,-76.4538,-76.5014,-76.5316,-76.5467,-76.5501,-76.5447,-76.5328,-76.5161,-76.496,-76.4733,-76.4488,-76.4228,-76.3958,-76.368,-76.3395,-76.3104,-76.281,-76.2511,-76.221,-76.1908,-76.1607,-76.1309,-76.1016,-76.0735,-76.047,-76.0231,-76.0029,-75.9879,-75.9803,-75.9828,-75.9987,-76.032,-76.0864,-76.1656
4.63,-76.334,-76.3951,-76.4584,-76.506,-76.5361,-76.5513,-76.5547,-76.5494,-76.5375,-76.5209,-76.5008,-76.4782,-76.4537,-76.4278,-76.4009,-76.3731,-76.3447,-76.3157,-76.2863,-76.2565,-76.2265,-76.1964,-76.1664,-76.1366,-76.1075,-76.0794,-76.053,-76.0292,-76.009,-75.9941,-75.9866,-75.9891,-76.005,-76.0382,-76.0926,-76.1717
4.635,-76.3387,-76.3997,-76.463,-76.5106,-76.5407,-76.5559,-76.5594,-76.554,-76.5422,-76.5256,-76.5056,-76.483,-76.4586,-76.4328,-76.406,-76.3783,-76.3499,-76.321,-76.2916,-76.262,-76.232,-76.202,-76.172,-76.1423,-76.1133,-76.0853,-76.059,-76.0352,-76.0151,-76.0003,-75.9928,-75.9953,-76.0113,-76.0445,-76.0988,-76.1777
4.64,-76.3433,-76.4043,-76.4676,-76.5151,-76.5452,-76.5605,-76.564,-76.5587,-76.5469,-76.5303,-76.5104,-76.4879,-76.4635,-76.4378,-76.411,-76.3834,-76.3551,-76.3263,-76.297,-76.2674,-76.2375,-76.2076,-76.1777,-76.148,-76.1191,-76.0912,-76.0649,-76.0412,-76.0212,-76.0065,-75.999,-76.0016,-76.0175,-76.0507,-76.1049,-76.1837
4.645,-76.348,-76.409,-76.4721,-76.5197,-76.5498,-76.565,-76.5685,-76.5633,-76.5515,-76.5351,-76.5152,-76.4927,-76.4685,-76.4428,-76.416,-76.3885,-76.3603,-76.3315,-76.3023,-76.2728,-76.243,-76.2131,-76.1833,-76.1537,-76.1248,-76.097,-76.0709,-76.0473,-76.0273,-76.0126,-76.0052,-76.0078,-76.0238,-76.0569,-76.111,-76.1897
4.65,-76.3526,-76.4136,-76.4767,-76.5242,-76.5543,-76.5696,-76.5731,-76.5679,-76.5562,-76.5398,-76.5199,-76.4976,-76.4733,-76.4477,-76.4211,-76.3936,-76.3654,-76.3367,-76.3076,-76.2781,-76.2484,-76.2186,-76.1889,-76.1594,-76.1306,-76.1029,-76.0768,-76.0533,-76.0334,-76.0187,-76.0114,-76.014,-76.03,-76.0631,-76.1171,-76.1957
4.655,-76.3573,-76.4181,-76.4812,-76.5287,-76.5589,-76.5741,-76.5777,-76.5725,-76.5609,-76.5445,-76.5247,-76.5024,-76.4782,-76.4527,-76.4261,-76.3987,-76.3706,-76.3419,-76.3129,-76.2835,-76.2539,-76.2241,-76.1945,-76.1651,-76.1364,-76.1087,-76.0827,-76.0592,-76.0394,-76.0249,-76.0176,-76.0202,-76.0362,-76.0692,-76.1232,-76.2017
4.66,-76.3619,-76.4227,-76.4858,-76.5332,-76.5634,-76.5786,-76.5823,-76.5771,-76.5655,-76.5492,-76.5295,-76.5072,-76.4831,-76.4576,-76.4311,-76.4037,-76.3757,-76.3471,-76.3182,-76.2888,-76.2593,-76.2296,-76.2,-76.1707,-76.1421,-76.1145,-76.0886,-76.0652,-76.0455,-76.031,-76.0237,-76.0264,-76.0423,-76.0754,-76.1293,-76.2076
4.665,-76.3665,-76.4273,-76.4903,-76.5377,-76.5679,-76.5832,-76.5868,-76.5817,-76.5702,-76.5539,-76.5342,-76.512,-76.488,-76.4625,-76.4361,-76.4088,-76.3808,-76.3523,-76.3234,-76.2942,-76.2647,-76.2351,-76.2056,-76.1764,-76.1478,-76.1203,-76.0945,-76.0712,-76.0515,-76.037,-76.0298,-76.0325,-76.0485,-76.0815,-76.1353,-76.2135
4.67,-76.3711,-76.4319,-76.4948,-76.5422,-76.5724,-76.5877,-76.5913,-76.5863,-76.5748,-76.5586,-76.5389,-76.5168,-76.4928,-76.4675,-76.441,-76.4138,-76.3859,-76.3575,-76.3287,-76.2995,-76.2701,-76.2406,-76.2111,-76.182,-76.1535,-76.1261,-76.1003,-76.0771,-76.0575,-76.0431,-76.0359,-76.0387,-76.0546,-76.0876,-76.1413,-76.2194
4.675,-76.3757,-76.4364,-76.4993,-76.5467,-76.5768,-76.5922,-76.5959,-76.5909,-76.5794,-76.5632,-76.5437,-76.5216,-76.4977,-76.4724,-76.446,-76.4188,-76.391,-76.3627,-76.3339,-76.3048,-76.2755,-76.246,-76.2167,-76.1876,-76.1592,-76.1318,-76.1062,-76.083,-76.0635,-76.0491,-76.042,-76.0448,-76.0608,-76.0937,-76.1474,-76.2253
4.68,-76.3803,-76.4409,-76.5038,-76.5512,-76.5813,-76.5967,-76.6004,-76.5954,-76.584,-76.5679,-76.5484,-76.5263,-76.5025,-76.4772,-76.451,-76.4239,-76.3961,-76.3678,-76.3391,-76.3101,-76.2808,-76.2515,-76.2222,-76.1932,-76.1649,-76.1376,-76.112,-76.0889,-76.0695,-76.0552,-76.0481,-76.0509,-76.0669,-76.0998,-76.1534,-76.2312
4.685,-76.3849,-76.4455,-76.5083,-76.5557,-76.5858,-76.6011,-76.6049,-76.6,-76.5886,-76.5725,-76.5531,-76.5311,-76.5073,-76.4821,-76.4559,-76.4289,-76.4012,-76.373,-76.3443,-76.3154,-76.2862,-76.2569,-76.2277,-76.1988,-76.1705,-76.1433,-76.1178,-76.0948,-76.0754,-76.0612,-76.0542,-76.057,-76.073,-76.1058,-76.1593,-76.2371
4.69,-76.3895,-76.45,-76.5128,-76.5601,-76.5902,-76.6056,-76.6094,-76.6045,-76.5932,-76.5772,-76.5578,-76.5359,-76.5121,-76.487,-76.4608,-76.4339,-76.4063,-76.3781,-76.3495,-76.3206,-76.2915,-76.2623,-76.2332,-76.2044,-76.1762,-76.1491,-76.1236,-76.1007,-76.0814,-76.0672,-76.0602,-76.0631,-76.079,-76.1118,-76.1653,-76.2429
4.695,-76.394,-76.4545,-76.5173,-76.5646,-76.5947,-76.6101,-76.6139,-76.609,-76.5978,-76.5818,-76.5624,-76.5406,-76.5169,-76.4919,-76.4658,-76.4389,-76.4113,-76.3832,-76.3547,-76.3259,-76.2969,-76.2677,-76.2387,-76.2099,-76.1818,-76.1548,-76.1294,-76.1065,-76.0873,-76.0732,-76.0662,-76.0691,-76.0851,-76.1179,-76.1712,-76.2487
4.7,-76.3986,-76.459,-76.5217,-76.569,-76.5991,-76.6145,-76.6184,-76.6136,-76.6023,-76.5864,-76.5671,-76.5453,-76.5217,-76.4967,-76.4707,-76.4438,-76.4163,-76.3883,-76.3599,-76.3312,-76.3022,-76.2731,-76.2441,-76.2155,-76.1874,-76.1605,-76.1352,-76.1124,-76.0932,-76.0791,-76.0723,-76.0751,-76.0911,-76.1239,-76.1772,-76.2545
4.705,-76.4031,-76.4635,-76.5262,-76.5734,-76.6036,-76.619,-76.6229,-76.6181,-76.6069,-76.591,-76.5718,-76.55,-76.5265,-76.5015,-76.4756,-76.4488,-76.4214,-76.3934,-76.3651,-76.3364,-76.3075,-76.2785,-76.2496,-76.221,-76.193,-76.1661,-76.1409,-76.1182,-76.0991,-76.0851,-76.0782,-76.0812,-76.0971,-76.1299,-76.1831,-76.2603
4.71,-76.4077,-76.468,-76.5306,-76.5779,-76.608,-76.6234,-76.6273,-76.6226,-76.6114,-76.5956,-76.5764,-76.5547,-76.5312,-76.5064,-76.4805,-76.4537,-76.4264,-76.3985,-76.3702,-76.3416,-76.3128,-76.2839,-76.255,-76.2265,-76.1986,-76.1718,-76.1467,-76.124,-76.1049,-76.091,-76.0842,-76.0872,-76.1031,-76.1358,-76.189,-76.2661
4.715,-76.4122,-76.4725,-76.5351,-76.5823,-76.6124,-76.6278,-76.6318,-76.6271,-76.616,-76.6002,-76.5811,-76.5594,-76.536,-76.5112,-76.4853,-76.4587,-76.4314,-76.4036,-76.3754,-76.3468,-76.3181,-76.2892,-76.2605,-76.232,-76.2042,-76.1775,-76.1524,-76.1298,-76.1108,-76.0969,-76.0902,-76.0932,-76.1091,-76.1418,-76.1949,-76.2719
4.72,-76.4167,-76.477,-76.5395,-76.5867,-76.6168,-76.6323,-76.6362,-76.6315,-76.6205,-76.6048,-76.5857,-76.5641,-76.5407,-76.516,-76.4902,-76.4636,-76.4364,-76.4086,-76.3805,-76.352,-76.3233,-76.2946,-76.2659,-76.2375,-76.2098,-76.1831,-76.1581,-76.1356,-76.1167,-76.1028,-76.0961,-76.0991,-76.1151,-76.1477,-76.2007,-76.2776
4.725,-76.4212,-76.4814,-76.5439,-76.5911,-76.6212,-76.6367,-76.6407,-76.636,-76.625,-76.6094,-76.5903,-76.5688,-76.5455,-76.5208,-76.495,-76.4685,-76.4414,-76.4137,-76.3856,-76.3572,-76.3286,-76.2999,-76.2713,-76.243,-76.2153,-76.1887,-76.1638,-76.1413,-76.1225,-76.1087,-76.1021,-76.1051,-76.1211,-76.1536,-76.2066,-76.2833
4.73,-76.4257,-76.4859,-76.5483,-76.5955,-76.6256,-76.6411,-76.6451,-76.6405,-76.6295,-76.6139,-76.5949,-76.5735,-76.5502,-76.5256,-76.4999,-76.4734,-76.4463,-76.4187,-76.3907,-76.3624,-76.3338,-76.3052,-76.2766,-76.2484,-76.2208,-76.1943,-76.1695,-76.1471,-76.1283,-76.1146,-76.108,-76.111,-76.127,-76.1596,-76.2124,-76.289
4.735,-76.4302,-76.4903,-76.5527,-76.5999,-76.63,-76.6455,-76.6495,-76.6449,-76.634,-76.6185,-76.5995,-76.5781,-76.5549,-76.5303,-76.5047,-76.4783,-76.4513,-76.4237,-76.3958,-76.3675,-76.3391,-76.3105,-76.282,-76.2539,-76.2264,-76.1999,-76.1751,-76.1528,-76.1341,-76.1205,-76.1139,-76.117,-76.1329,-76.1654,-76.2182,-76.2947
4.74,-76.4347,-76.4948,-76.5571,-76.6042,-76.6343,-76.6498,-76.6539,-76.6494,-76.6385,-76.623,-76.6041,-76.5828,-76.5596,-76.5351,-76.5095,-76.4832,-76.4562,-76.4288,-76.4009,-76.3727,-76.3443,-76.3158,-76.2874,-76.2593,-76.2319,-76.2055,-76.1808,-76.1585,-76.1399,-76.1263,-76.1198,-76.1229,-76.1388,-76.1713,-76.224,-76.3004
4.745,-76.4392,-76.4992,-76.5615,-76.6086,-76.6387,-76.6542,-76.6583,-76.6538,-76.643,-76.6275,-76.6087,-76.5874,-76.5643,-76.5398,-76.5144,-76.4881,-76.4612,-76.4338,-76.4059,-76.3778,-76.3495,-76.3211,-76.2927,-76.2647,-76.2374,-76.211,-76.1864,-76.1642,-76.1456,-76.1321,-76.1256,-76.1288,-76.1447,-76.1772,-76.2298,-76.3061
4.75,-76.4437,-76.5036,-76.5659,-76.6129,-76.643,-76.6586,-76.6627,-76.6582,-76.6475,-76.632,-76.6133,-76.592,-76.569,-76.5446,-76.5192,-76.4929,-76.4661,-76.4387,-76.411,-76.3829,-76.3547,-76.3263,-76.2981,-76.2701,-76.2428,-76.2166,-76.192,-76.1699,-76.1514,-76.1379,-76.1315,-76.1346,-76.1506,-76.183,-76.2356,-76.3117
4.755,-76.4481,-76.508,-76.5702,-76.6173,-76.6474,-76.6629,-76.6671,-76.6627,-76.6519,-76.6366,-76.6178,-76.5966,-76.5736,-76.5493,-76.5239,-76.4978,-76.471,-76.4437,-76.416,-76.388,-76.3598,-76.3316,-76.3034,-76.2755,-76.2483,-76.2221,-76.1976,-76.1756,-76.1571,-76.1437,-76.1373,-76.1405,-76.1565,-76.1888,-76.2413,-76.3174
4.76,-76.4526,-76.5124,-76.5746,-76.6216,-76.6517,-76.6673,-76.6715,-76.6671,-76.6564,-76.641,-76.6224,-76.6012,-76.5783,-76.554,-76.5287,-76.5026,-76.4759,-76.4487,-76.4211,-76.3931,-76.365,-76.3368,-76.3087,-76.2809,-76.2537,-76.2277,-76.2032,-76.1813,-76.1629,-76.1495,-76.1431,-76.1463,-76.1623,-76.1946,-76.2471,-76.323
4.765,-76.457,-76.5168,-76.5789,-76.6259,-76.656,-76.6716,-76.6758,-76.6715,-76.6608,-76.6455,-76.6269,-76.6058,-76.5829,-76.5587,-76.5335,-76.5075,-76.4808,-76.4536,-76.4261,-76.3982,-76.3702,-76.342,-76.314,-76.2863,-76.2592,-76.2332,-76.2088,-76.1869,-76.1686,-76.1553,-76.1489,-76.1522,-76.1681,-76.2004,-76.2528,-76.3286
4.77,-76.4615,-76.5212,-76.5833,-76.6303,-76.6603,-76.6759,-76.6802,-76.6759,-76.6652,-76.65,-76.6314,-76.6104,-76.5876,-76.5634,-76.5382,-76.5123,-76.4857,-76.4586,-76.4311,-76.4033,-76.3753,-76.3472,-76.3193,-76.2916,-76.2646,-76.2387,-76.2144,-76.1925,-76.1743,-76.161,-76.1547,-76.158,-76.1739,-76.2062,-76.2585,-76.3342
4.775,-76.4659,-76.5256,-76.5876,-76.6346,-76.6646,-76.6803,-76.6845,-76.6802,-76.6697,-76.6545,-76.636,-76.615,-76.5922,-76.5681,-76.543,-76.5171,-76.4905,-76.4635,-76.4361,-76.4084,-76.3804,-76.3524,-76.3245,-76.297,-76.27,-76.2441,-76.2199,-76.1982,-76.1799,-76.1667,-76.1605,-76.1638,-76.1797,-76.212,-76.2642,-76.3397
4.78,-76.4703,-76.53,-76.5919,-76.6389,-76.6689,-76.6846,-76.6889,-76.6846,-76.6741,-76.6589,-76.6405,-76.6196,-76.5968,-76.5728,-76.5477,-76.5219,-76.4954,-76.4684,-76.4411,-76.4134,-76.3856,-76.3576,-76.3298,-76.3023,-76.2754,-76.2496,-76.2255,-76.2038,-76.1856,-76.1725,-76.1663,-76.1696,-76.1855,-76.2177,-76.2698,-76.3453
4.785,-76.4747,-76.5343,-76.5963,-76.6432,-76.6732,-76.6889,-76.6932,-76.689,-76.6785,-76.6634,-76.645,-76.6241,-76.6014,-76.5775,-76.5525,-76.5267,-76.5003,-76.4734,-76.446,-76.4184,-76.3907,-76.3628,-76.335,-76.3076,-76.2808,-76.2551,-76.231,-76.2094,-76.1913,-76.1782,-76.172,-76.1753,-76.1913,-76.2234,-76.2755,-76.3508
4.79,-76.4791,-76.5387,-76.6006,-76.6474,-76.6775,-76.6932,-76.6975,-76.6933,-76.6829,-76.6678,-76.6495,-76.6286,-76.606,-76.5821,-76.5572,-76.5314,-76.5051,-76.4782,-76.451,-76.4235,-76.3957,-76.368,-76.3403,-76.3129,-76.2862,-76.2605,-76.2365,-76.2149,-76.1969,-76.1839,-76.1777,-76.1811,-76.197,-76.2292,-76.2811,-76.3564
4.795,-76.4835,-76.543,-76.6049,-76.6517,-76.6818,-76.6974,-76.7018,-76.6977,-76.6873,-76.6723,-76.6539,-76.6332,-76.6106,-76.5868,-76.5619,-76.5362,-76.5099,-76.4831,-76.456,-76.4285,-76.4008,-76.3731,-76.3455,-76.3182,-76.2915,-76.2659,-76.242,-76.2205,-76.2025,-76.1895,-76.1834,-76.1868,-76.2028,-76.2349,-76.2868,-76.3619
4.8,-76.4879,-76.5474,-76.6092,-76.656,-76.686,-76.7017,-76.7061,-76.702,-76.6916,-76.6767,-76.6584,-76.6377,-76.6152,-76.5914,-76.5666,-76.541,-76.5147,-76.488,-76.4609,-76.4335,-76.4059,-76.3782,-76.3507,-76.3235,-76.2969,-76.2713,-76.2475,-76.226,-76.2081,-76.1952,-76.1891,-76.1925,-76.2085,-76.2405,-76.2924,-76.3674
4.805,-76.4923,-76.5517,-76.6134,-76.6602,-76.6903,-76.706,-76.7104,-76.7063,-76.696,-76.6811,-76.6629,-76.6422,-76.6198,-76.596,-76.5712,-76.5457,-76.5195,-76.4929,-76.4658,-76.4385,-76.411,-76.3834,-76.3559,-76.3287,-76.3022,-76.2767,-76.2529,-76.2316,-76.2137,-76.2008,-76.1948,-76.1982,-76.2142,-76.2462,-76.298,-76.3728
4.81,-76.4966,-76.556,-76.6177,-76.6645,-76.6945,-76.7102,-76.7147,-76.7106,-76.7004,-76.6855,-76.6673,-76.6467,-76.6243,-76.6006,-76.5759,-76.5504,-76.5243,-76.4977,-76.4707,-76.4435,-76.416,-76.3885,-76.3611,-76.334,-76.3075,-76.2821,-76.2584,-76.2371,-76.2193,-76.2065,-76.2005,-76.2039,-76.2199,-76.2519,-76.3036,-76.3783
4.815,-76.501,-76.5603,-76.622,-76.6687,-76.6988,-76.7145,-76.719,-76.715,-76.7047,-76.6899,-76.6718,-76.6512,-76.6289,-76.6052,-76.5806,-76.5551,-76.5291,-76.5026,-76.4756,-76.4484,-76.421,-76.3936,-76.3662,-76.3392,-76.3128,-76.2875,-76.2638,-76.2426,-76.2249,-76.2121,-76.2062,-76.2096,-76.2255,-76.2575,-76.3091,-76.3838
4.82,-76.5054,-76.5646,-76.6262,-76.673,-76.703,-76.7187,-76.7232,-76.7193,-76.7091,-76.6943,-76.6762,-76.6557,-76.6334,-76.6098,-76.5852,-76.5599,-76.5339,-76.5074,-76.4805,-76.4534,-76.4261,-76.3987,-76.3714,-76.3444,-76.3181,-76.2929,-76.2693,-76.2481,-76.2304,-76.2177,-76.2118,-76.2153,-76.2312,-76.2631,-76.3147,-76.3892
4.825,-76.5097,-76.5689,-76.6305,-76.6772,-76.7072,-76.723,-76.7275,-76.7235,-76.7134,-76.6987,-76.6806,-76.6602,-76.638,-76.6144,-76.5899,-76.5646,-76.5386,-76.5122,-76.4854,-76.4583,-76.4311,-76.4037,-76.3765,-76.3496,-76.3234,-76.2982,-76.2747,-76.2536,-76.236,-76.2233,-76.2174,-76.2209,-76.2368,-76.2687,-76.3202,-76.3946
4.83,-76.514,-76.5732,-76.6347,-76.6814,-76.7114,-76.7272,-76.7317,-76.7278,-76.7177,-76.703,-76.6851,-76.6647,-76.6425,-76.619,-76.5945,-76.5692,-76.5434,-76.517,-76.4903,-76.4633,-76.4361,-76.4088,-76.3817,-76.3548,-76.3287,-76.3036,-76.2801,-76.259,-76.2415,-76.2288,-76.223,-76.2265,-76.2425,-76.2743,-76.3257,-76.4
4.835,-76.5184,-76.5775,-76.639,-76.6856,-76.7156,-76.7314,-76.736,-76.7321,-76.722,-76.7074,-76.6895,-76.6691,-76.647,-76.6236,-76.5991,-76.5739,-76.5481,-76.5218,-76.4952,-76.4682,-76.4411,-76.4139,-76.3868,-76.36,-76.3339,-76.3089,-76.2855,-76.2645,-76.247,-76.2344,-76.2286,-76.2322,-76.2481,-76.2799,-76.3312,-76.4054
4.84,-76.5227,-76.5817,-76.6432,-76.6898,-76.7198,-76.7356,-76.7402,-76.7364,-76.7263,-76.7117,-76.6939,-76.6736,-76.6515,-76.6281,-76.6037,-76.5786,-76.5528,-76.5266,-76.5,-76.4731,-76.446,-76.4189,-76.3919,-76.3652,-76.3392,-76.3142,-76.2908,-76.2699,-76.2525,-76.2399,-76.2342,-76.2378,-76.2537,-76.2855,-76.3367,-76.4108
4.845,-76.527,-76.586,-76.6474,-76.694,-76.724,-76.7398,-76.7444,-76.7406,-76.7306,-76.7161,-76.6982,-76.678,-76.656,-76.6327,-76.6083,-76.5833,-76.5576,-76.5314,-76.5048,-76.478,-76.451,-76.4239,-76.397,-76.3704,-76.3444,-76.3195,-76.2962,-76.2753,-76.258,-76.2455,-76.2398,-76.2434,-76.2593,-76.291,-76.3422,-76.4162
4.85,-76.5313,-76.5903,-76.6516,-76.6982,-76.7282,-76.744,-76.7486,-76.7449,-76.7349,-76.7204,-76.7026,-76.6824,-76.6605,-76.6372,-76.6129,-76.5879,-76.5623,-76.5362,-76.5097,-76.4829,-76.456,-76.429,-76.4021,-76.3755,-76.3496,-76.3248,-76.3016,-76.2808,-76.2634,-76.251,-76.2453,-76.2489,-76.2648,-76.2966,-76.3477,-76.4215
4.855,-76.5356,-76.5945,-76.6558,-76.7024,-76.7324,-76.7482,-76.7528,-76.7491,-76.7392,-76.7247,-76.707,-76.6868,-76.6649,-76.6417,-76.6175,-76.5925,-76.567,-76.5409,-76.5145,-76.4878,-76.4609,-76.434,-76.4071,-76.3807,-76.3548,-76.33,-76.3069,-76.2862,-76.2689,-76.2565,-76.2509,-76.2545,-76.2704,-76.3021,-76.3531,-76.4269
4.86,-76.5399,-76.5987,-76.66,-76.7065,-76.7365,-76.7523,-76.757,-76.7533,-76.7435,-76.729,-76.7113,-76.6913,-76.6694,-76.6462,-76.6221,-76.5972,-76.5717,-76.5457,-76.5193,-76.4926,-76.4658,-76.439,-76.4122,-76.3858,-76.36,-76.3353,-76.3122,-76.2915,-76.2743,-76.262,-76.2564,-76.26,-76.2759,-76.3076,-76.3586,-76.4322
4.865,-76.5442,-76.603,-76.6642,-76.7107,-76.7407,-76.7565,-76.7612,-76.7576,-76.7477,-76.7334,-76.7157,-76.6957,-76.6739,-76.6507,-76.6266,-76.6018,-76.5763,-76.5504,-76.5241,-76.4975,-76.4707,-76.4439,-76.4172,-76.3909,-76.3652,-76.3405,-76.3175,-76.2969,-76.2798,-76.2675,-76.2619,-76.2656,-76.2815,-76.3131,-76.364,-76.4375
4.87,-76.5484,-76.6072,-76.6684,-76.7148,-76.7448,-76.7607,-76.7654,-76.7618,-76.752,-76.7376,-76.72,-76.7001,-76.6783,-76.6552,-76.6312,-76.6064,-76.581,-76.5551,-76.5289,-76.5023,-76.4757,-76.4489,-76.4223,-76.396,-76.3704,-76.3458,-76.3228,-76.3023,-76.2852,-76.2729,-76.2674,-76.2711,-76.287,-76.3186,-76.3694,-76.4428
4.875,-76.5527,-76.6114,-76.6725,-76.719,-76.749,-76.7648,-76.7696,-76.766,-76.7562,-76.7419,-76.7244,-76.7044,-76.6827,-76.6597,-76.6357,-76.611,-76.5856,-76.5598,-76.5336,-76.5072,-76.4806,-76.4539,-76.4273,-76.4011,-76.3755,-76.351,-76.3281,-76.3076,-76.2906,-76.2784,-76.2729,-76.2766,-76.2925,-76.324,-76.3748,-76.4481
4.88,-76.557,-76.6156,-76.6767,-76.7231,-76.7531,-76.769,-76.7737,-76.7702,-76.7604,-76.7462,-76.7287,-76.7088,-76.6872,-76.6642,-76.6403,-76.6156,-76.5903,-76.5645,-76.5384,-76.512,-76.4854,-76.4588,-76.4323,-76.4062,-76.3806,-76.3562,-76.3334,-76.3129,-76.296,-76.2838,-76.2784,-76.2821,-76.298,-76.3295,-76.3802,-76.4533
4.885,-76.5612,-76.6198,-76.6808,-76.7272,-76.7572,-76.7731,-76.7779,-76.7744,-76.7647,-76.7505,-76.733,-76.7132,-76.6916,-76.6687,-76.6448,-76.6202,-76.5949,-76.5692,-76.5432,-76.5168,-76.4903,-76.4638,-76.4373,-76.4112,-76.3858,-76.3614,-76.3386,-76.3183,-76.3013,-76.2892,-76.2838,-76.2876,-76.3034,-76.3349,-76.3855,-76.4586
4.89,-76.5654,-76.624,-76.685,-76.7314,-76.7613,-76.7772,-76.782,-76.7785,-76.7689,-76.7547,-76.7373,-76.7175,-76.696,-76.6731,-76.6493,-76.6247,-76.5996,-76.5739,-76.5479,-76.5216,-76.4952,-76.4687,-76.4423,-76.4163,-76.3909,-76.3666,-76.3439,-76.3236,-76.3067,-76.2946,-76.2893,-76.293,-76.3089,-76.3403,-76.3909,-76.4638
4.895,-76.5697,-76.6282,-76.6891,-76.7355,-76.7654,-76.7813,-76.7862,-76.7827,-76.7731,-76.759,-76.7416,-76.7219,-76.7004,-76.6776,-76.6538,-76.6293,-76.6042,-76.5786,-76.5526,-76.5264,-76.5,-76.4736,-76.4473,-76.4213,-76.396,-76.3717,-76.3491,-76.3289,-76.312,-76.3,-76.2947,-76.2985,-76.3143,-76.3457,-76.3962,-76.469
4.9,-76.5739,-76.6324,-76.6933,-76.7396,-76.7695,-76.7854,-76.7903,-76.7869,-76.7773,-76.7632,-76.7459,-76.7262,-76.7048,-76.682,-76.6583,-76.6338,-76.6088,-76.5832,-76.5574,-76.5312,-76.5049,-76.4785,-76.4523,-76.4264,-76.4011,-76.3769,-76.3543,-76.3341,-76.3174,-76.3054,-76.3001,-76.3039,-76.3198,-76.3511,-76.4015,-76.4743
4.905,-76.5781,-76.6365,-76.6974,-76.7437,-76.7736,-76.7895,-76.7944,-76.791,-76.7815,-76.7675,-76.7502,-76.7305,-76.7091,-76.6865,-76.6628,-76.6384,-76.6134,-76.5879,-76.5621,-76.536,-76.5097,-76.4834,-76.4572,-76.4314,-76.4062,-76.382,-76.3595,-76.3394,-76.3227,-76.3108,-76.3055,-76.3093,-76.3252,-76.3565,-76.4068,-76.4795
4.91,-76.5823,-76.6407,-76.7015,-76.7477,-76.7777,-76.7936,-76.7985,-76.7952,-76.7857,-76.7717,-76.7545,-76.7349,-76.7135,-76.6909,-76.6673,-76.6429,-76.618,-76.5925,-76.5668,-76.5407,-76.5145,-76.4883,-76.4622,-76.4364,-76.4113,-76.3872,-76.3647,-76.3447,-76.328,-76.3161,-76.3109,-76.3147,-76.3306,-76.3619,-76.4121,-76.4846
4.915,-76.5865,-76.6448,-76.7056,-76.7518,-76.7818,-76.7977,-76.8027,-76.7993,-76.7898,-76.7759,-76.7587,-76.7392,-76.7179,-76.6953,-76.6717,-76.6474,-76.6225,-76.5972,-76.5715,-76.5455,-76.5193,-76.4931,-76.4671,-76.4414,-76.4163,-76.3923,-76.3699,-76.3499,-76.3333,-76.3215,-76.3163,-76.3201,-76.336,-76.3672,-76.4174,-76.4898
4.92,-76.5907,-76.649,-76.7097,-76.7559,-76.7858,-76.8018,-76.8067,-76.8034,-76.794,-76.7801,-76.763,-76.7435,-76.7222,-76.6997,-76.6762,-76.6519,-76.6271,-76.6018,-76.5761,-76.5502,-76.5241,-76.498,-76.472,-76.4464,-76.4214,-76.3974,-76.3751,-76.3551,-76.3386,-76.3268,-76.3216,-76.3255,-76.3413,-76.3726,-76.4227,-76.495
4.925,-76.5949,-76.6531,-76.7138,-76.76,-76.7899,-76.8058,-76.8108,-76.8076,-76.7982,-76.7843,-76.7672,-76.7478,-76.7266,-76.7041,-76.6806,-76.6564,-76.6316,-76.6064,-76.5808,-76.5549,-76.5289,-76.5029,-76.4769,-76.4513,-76.4264,-76.4025,-76.3802,-76.3603,-76.3438,-76.3321,-76.327,-76.3309,-76.3467,-76.3779,-76.4279,-76.5001
4.93,-76.5991,-76.6572,-76.7179,-76.764,-76.7939,-76.8099,-76.8149,-76.8117,-76.8023,-76.7885,-76.7715,-76.752,-76.7309,-76.7085,-76.6851,-76.6609,-76.6362,-76.611,-76.5855,-76.5597,-76.5337,-76.5077,-76.4818,-76.4563,-76.4314,-76.4076,-76.3854,-76.3655,-76.3491,-76.3374,-76.3323,-76.3362,-76.352,-76.3832,-76.4332,-76.5052
4.935,-76.6033,-76.6614,-76.7219,-76.7681,-76.798,-76.814,-76.819,-76.8158,-76.8065,-76.7927,-76.7757,-76.7563,-76.7352,-76.7128,-76.6895,-76.6654,-76.6407,-76.6156,-76.5901,-76.5644,-76.5385,-76.5125,-76.4867,-76.4612,-76.4364,-76.4127,-76.3905,-76.3707,-76.3543,-76.3427,-76.3376,-76.3415,-76.3574,-76.3885,-76.4384,-76.5104
4.94,-76.6074,-76.6655,-76.726,-76.7721,-76.802,-76.818,-76.8231,-76.8199,-76.8106,-76.7969,-76.7799,-76.7606,-76.7395,-76.7172,-76.6939,-76.6699,-76.6453,-76.6202,-76.5947,-76.5691,-76.5432,-76.5173,-76.4916,-76.4662,-76.4414,-76.4177,-76.3956,-76.3759,-76.3596,-76.348,-76.3429,-76.3469,-76.3627,-76.3938,-76.4436,-76.5155
4.945,-76.6116,-76.6696,-76.7301,-76.7761,-76.806,-76.822,-76.8271,-76.824,-76.8147,-76.801,-76.7841,-76.7648,-76.7438,-76.7216,-76.6983,-76.6743,-76.6498,-76.6247,-76.5994,-76.5737,-76.548,-76.5221,-76.4964,-76.4711,-76.4464,-76.4228,-76.4007,-76.3811,-76.3648,-76.3532,-76.3482,-76.3522,-76.368,-76.3991,-76.4488,-76.5206
4.95,-76.6157,-76.6737,-76.7341,-76.7802,-76.8101,-76.8261,-76.8312,-76.828,-76.8188,-76.8052,-76.7883,-76.7691,-76.7481,-76.7259,-76.7027,-76.6788,-76.6543,-76.6293,-76.604,-76.5784,-76.5527,-76.5269,-76.5013,-76.476,-76.4514,-76.4278,-76.4058,-76.3862,-76.37,-76.3585,-76.3535,-76.3575,-76.3733,-76.4043,-76.454,-76.5256
4.955,-76.6199,-76.6778,-76.7382,-76.7842,-76.8141,-76.8301,-76.8352,-76.8321,-76.8229,-76.8093,-76.7925,-76.7733,-76.7524,-76.7303,-76.7071,-76.6832,-76.6588,-76.6339,-76.6086,-76.5831,-76.5574,-76.5317,-76.5061,-76.4809,-76.4564,-76.4328,-76.4109,-76.3914,-76.3752,-76.3637,-76.3588,-76.3628,-76.3786,-76.4096,-76.4592,-76.5307
4.96,-76.624,-76.6818,-76.7422,-76.7882,-76.8181,-76.8341,-76.8392,-76.8362,-76.827,-76.8135,-76.7967,-76.7776,-76.7567,-76.7346,-76.7115,-76.6877,-76.6633,-76.6384,-76.6132,-76.5877,-76.5621,-76.5365,-76.511,-76.4858,-76.4613,-76.4379,-76.416,-76.3965,-76.3804,-76.3689,-76.3641,-76.368,-76.3838,-76.4148,-76.4643,-76.5358
4.965,-76.6281,-76.6859,-76.7462,-76.7922,-76.8221,-76.8381,-76.8433,-76.8402,-76.8311,-76.8176,-76.8009,-76.7818,-76.761,-76.7389,-76.7159,-76.6921,-76.6677,-76.6429,-76.6178,-76.5924,-76.5668,-76.5413,-76.5158,-76.4907,-76.4663,-76.4429,-76.4211,-76.4016,-76.3855,-76.3742,-76.3693,-76.3733,-76.3891,-76.42,-76.4695,-76.5408
4.97,-76.6323,-76.69,-76.7502,-76.7962,-76.8261,-76.8421,-76.8473,-76.8443,-76.8352,-76.8217,-76.805,-76.786,-76.7652,-76.7432,-76.7202,-76.6965,-76.6722,-76.6475,-76.6224,-76.597,-76.5715,-76.546,-76.5206,-76.4956,-76.4712,-76.4478,-76.4261,-76.4067,-76.3907,-76.3794,-76.3745,-76.3785,-76.3943,-76.4252,-76.4746,-76.5458
4.975,-76.6364,-76.694,-76.7543,-76.8002,-76.83,-76.8461,-76.8513,-76.8483,-76.8393,-76.8259,-76.8092,-76.7902,-76.7695,-76.7475,-76.7246,-76.7009,-76.6767,-76.652,-76.6269,-76.6016,-76.5762,-76.5507,-76.5254,-76.5004,-76.4761,-76.4528,-76.4312,-76.4118,-76.3958,-76.3845,-76.3798,-76.3838,-76.3996,-76.4304,-76.4798,-76.5508
4.98,-76.6405,-76.6981,-76.7583,-76.8042,-76.834,-76.8501,-76.8553,-76.8523,-76.8434,-76.83,-76.8133,-76.7944,-76.7737,-76.7518,-76.7289,-76.7053,-76.6811,-76.6565,-76.6315,-76.6063,-76.5809,-76.5555,-76.5302,-76.5053,-76.481,-76.4578,-76.4362,-76.4169,-76.401,-76.3897,-76.385,-76.389,-76.4048,-76.4356,-76.4849,-76.5558
4.985,-76.6446,-76.7021,-76.7623,-76.8081,-76.838,-76.854,-76.8593,-76.8564,-76.8474,-76.8341,-76.8175,-76.7986,-76.778,-76.7561,-76.7333,-76.7097,-76.6856,-76.661,-76.636,-76.6109,-76.5855,-76.5602,-76.535,-76.5101,-76.4859,-76.4628,-76.4412,-76.422,-76.4061,-76.3949,-76.3902,-76.3942,-76.41,-76.4408,-76.49,-76.5608
4.99,-76.6487,-76.7062,-76.7663,-76.8121,-76.8419,-76.858,-76.8633,-76.8604,-76.8515,-76.8381,-76.8216,-76.8028,-76.7822,-76.7604,-76.7376,-76.7141,-76.69,-76.6655,-76.6406,-76.6155,-76.5902,-76.5649,-76.5397,-76.5149,-76.4908,-76.4677,-76.4462,-76.427,-76.4112,-76.4,-76.3953,-76.3994,-76.4152,-76.4459,-76.495,-76.5658
4.995,-76.6527,-76.7102,-76.7702,-76.8161,-76.8459,-76.862,-76.8672,-76.8644,-76.8555,-76.8422,-76.8258,-76.8069,-76.7864,-76.7646,-76.7419,-76.7184,-76.6944,-76.6699,-76.6451,-76.62,-76.5948,-76.5696,-76.5445,-76.5198,-76.4957,-76.4726,-76.4512,-76.4321,-76.4163,-76.4052,-76.4005,-76.4046,-76.4203,-76.451,-76.5001,-76.5708
5,-76.6568,-76.7142,-76.7742,-76.82,-76.8498,-76.8659,-76.8712,-76.8684,-76.8595,-76.8463,-76.8299,-76.8111,-76.7906,-76.7689,-76.7462,-76.7228,-76.6988,-76.6744,-76.6496,-76.6246,-76.5995,-76.5743,-76.5492,-76.5246,-76.5005,-76.4776,-76.4562,-76.4371,-76.4214,-76.4103,-76.4057,-76.4098,-76.4255,-76.4562,-76.5052,-76.5757
5.005,-76.6609,-76.7182,-76.7782,-76.8239,-76.8538,-76.8699,-76.8752,-76.8724,-76.8636,-76.8504,-76.834,-76.8153,-76.7948,-76.7731,-76.7505,-76.7271,-76.7032,-76.6788,-76.6541,-76.6292,-76.6041,-76.579,-76.554,-76.5294,-76.5054,-76.4825,-76.4611,-76.4421,-76.4264,-76.4154,-76.4108,-76.4149,-76.4307,-76.4613,-76.5102,-76.5807
5.01,-76.665,-76.7223,-76.7821,-76.8279,-76.8577,-76.8738,-76.8791,-76.8764,-76.8676,-76.8544,-76.8381,-76.8194,-76.799,-76.7774,-76.7548,-76.7315,-76.7076,-76.6833,-76.6586,-76.6337,-76.6087,-76.5836,-76.5587,-76.5341,-76.5102,-76.4874,-76.4661,-76.4471,-76.4315,-76.4205,-76.4159,-76.4201,-76.4358,-76.4664,-76.5153,-76.5856
5.015,-76.669,-76.7263,-76.7861,-76.8318,-76.8616,-76.8777,-76.8831,-76.8803,-76.8716,-76.8585,-76.8422,-76.8235,-76.8032,-76.7816,-76.7591,-76.7358,-76.712,-76.6877,-76.6631,-76.6383,-76.6133,-76.5883,-76.5634,-76.5389,-76.5151,-76.4923,-76.471,-76.4521,-76.4365,-76.4256,-76.421,-76.4252,-76.4409,-76.4715,-76.5203,-76.5905
5.02,-76.673,-76.7303,-76.79,-76.8357,-76.8655,-76.8816,-76.887,-76.8843,-76.8756,-76.8625,-76.8463,-76.8277,-76.8074,-76.7858,-76.7634,-76.7401,-76.7164,-76.6922,-76.6676,-76.6428,-76.6179,-76.5929,-76.5681,-76.5437,-76.5199,-76.4971,-76.476,-76.4571,-76.4416,-76.4307,-76.4261,-76.4303,-76.446,-76.4766,-76.5253,-76.5954
5.025,-76.6771,-76.7342,-76.794,-76.8396,-76.8694,-76.8856,-76.891,-76.8883,-76.8796,-76.8666,-76.8503,-76.8318,-76.8115,-76.7901,-76.7676,-76.7445,-76.7207,-76.6966,-76.6721,-76.6473,-76.6225,-76.5976,-76.5728,-76.5484,-76.5247,-76.502,-76.4809,-76.4621,-76.4466,-76.4357,-76.4312,-76.4354,-76.4511,-76.4816,-76.5303,-76.6003
5.03,-76.6811,-76.7382,-76.7979,-76.8436,-76.8733,-76.8895,-76.8949,-76.8922,-76.8836,-76.8706,-76.8544,-76.8359,-76.8157,-76.7943,-76.7719,-76.7488,-76.7251,-76.701,-76.6765,-76.6519,-76.627,-76.6022,-76.5775,-76.5532,-76.5295,-76.5069,-76.4858,-76.4671,-76.4516,-76.4408,-76.4363,-76.4405,-76.4562,-76.4867,-76.5353,-76.6052
5.035,-76.6852,-76.7422,-76.8018,-76.8475,-76.8772,-76.8934,-76.8988,-76.8962,-76.8876,-76.8746,-76.8585,-76.84,-76.8199,-76.7985,-76.7761,-76.7531,-76.7294,-76.7054,-76.681,-76.6564,-76.6316,-76.6068,-76.5822,-76.5579,-76.5343,-76.5117,-76.4907,-76.472,-76.4566,-76.4458,-76.4414,-76.4456,-76.4613,-76.4917,-76.5402,-76.6101
5.04,-76.6892,-76.7462,-76.8058,-76.8513,-76.8811,-76.8973,-76.9027,-76.9001,-76.8915,-76.8786,-76.8625,-76.8441,-76.824,-76.8026,-76.7803,-76.7573,-76.7338,-76.7098,-76.6854,-76.6609,-76.6361,-76.6114,-76.5868,-76.5626,-76.5391,-76.5165,-76.4956,-76.477,-76.4616,-76.4509,-76.4464,-76.4507,-76.4664,-76.4967,-76.5452,-76.6149
5.045,-76.6932,-76.7501,-76.8097,-76.8552,-76.885,-76.9011,-76.9066,-76.904,-76.8955,-76.8826,-76.8666,-76.8482,-76.8281,-76.8068,-76.7846,-76.7616,-76.7381,-76.7141,-76.6899,-76.6653,-76.6407,-76.616,-76.5915,-76.5673,-76.5438,-76.5214,-76.5005,-76.4819,-76.4666,-76.4559,-76.4515,-76.4557,-76.4714,-76.5018,-76.5502,-76.6198
5.05,-76.6972,-76.7541,-76.8136,-76.8591,-76.8888,-76.905,-76.9105,-76.908,-76.8995,-76.8866,-76.8706,-76.8523,-76.8323,-76.811,-76.7888,-76.7659,-76.7424,-76.7185,-76.6943,-76.6698,-76.6452,-76.6206,-76.5961,-76.572,-76.5486,-76.5262,-76.5053,-76.4868,-76.4715,-76.4609,-76.4565,-76.4608,-76.4764,-76.5068,-76.5551,-76.6246
5.055,-76.7012,-76.758,-76.8175,-76.863,-76.8927,-76.9089,-76.9144,-76.9119,-76.9034,-76.8906,-76.8746,-76.8563,-76.8364,-76.8152,-76.793,-76.7701,-76.7467,-76.7229,-76.6987,-76.6743,-76.6497,-76.6252,-76.6008,-76.5767,-76.5533,-76.531,-76.5102,-76.4917,-76.4765,-76.4659,-76.4616,-76.4658,-76.4815,-76.5118,-76.56,-76.6294
5.06,-76.7052,-76.7619,-76.8214,-76.8668,-76.8966,-76.9127,-76.9183,-76.9158,-76.9073,-76.8946,-76.8786,-76.8604,-76.8405,-76.8193,-76.7972,-76.7744,-76.751,-76.7272,-76.7031,-76.6787,-76.6543,-76.6297,-76.6054,-76.5814,-76.5581,-76.5358,-76.515,-76.4966,-76.4814,-76.4708,-76.4666,-76.4708,-76.4865,-76.5167,-76.5649,-76.6342
5.065,-76.7092,-76.7659,-76.8252,-76.8707,-76.9004,-76.9166,-76.9222,-76.9197,-76.9113,-76.8985,-76.8827,-76.8645,-76.8446,-76.8235,-76.8014,-76.7786,-76.7553,-76.7316,-76.7075,-76.6832,-76.6588,-76.6343,-76.61,-76.5861,-76.5628,-76.5405,-76.5199,-76.5015,-76.4864,-76.4758,-76.4716,-76.4758,-76.4915,-76.5217,-76.5698,-76.639
5.07,-76.7131,-76.7698,-76.8291,-76.8745,-76.9042,-76.9204,-76.926,-76.9236,-76.9152,-76.9025,-76.8867,-76.8685,-76.8487,-76.8276,-76.8056,-76.7829,-76.7596,-76.7359,-76.7119,-76.6876,-76.6632,-76.6389,-76.6146,-76.5907,-76.5675,-76.5453,-76.5247,-76.5064,-76.4913,-76.4808,-76.4765,-76.4809,-76.4965,-76.5267,-76.5747,-76.6438
5.075,-76.7171,-76.7737,-76.833,-76.8784,-76.9081,-76.9243,-76.9299,-76.9275,-76.9191,-76.9065,-76.8907,-76.8725,-76.8528,-76.8317,-76.8098,-76.7871,-76.7639,-76.7402,-76.7163,-76.6921,-76.6677,-76.6434,-76.6192,-76.5954,-76.5722,-76.5501,-76.5295,-76.5112,-76.4962,-76.4857,-76.4815,-76.4858,-76.5015,-76.5316,-76.5796,-76.6486
5.08,-76.7211,-76.7776,-76.8369,-76.8822,-76.9119,-76.9281,-76.9337,-76.9313,-76.923,-76.9104,-76.8946,-76.8766,-76.8568,-76.8359,-76.8139,-76.7913,-76.7682,-76.7446,-76.7206,-76.6965,-76.6722,-76.6479,-76.6238,-76.6,-76.5769,-76.5548,-76.5343,-76.5161,-76.5011,-76.4907,-76.4865,-76.4908,-76.5064,-76.5365,-76.5845,-76.6533
5.085,-76.725,-76.7815,-76.8407,-76.886,-76.9157,-76.9319,-76.9376,-76.9352,-76.9269,-76.9144,-76.8986,-76.8806,-76.8609,-76.84,-76.8181,-76.7955,-76.7724,-76.7489,-76.725,-76.7009,-76.6767,-76.6524,-76.6283,-76.6046,-76.5816,-76.5595,-76.5391,-76.5209,-76.506,-76.4956,-76.4914,-76.4958,-76.5114,-76.5415,-76.5893,-76.6581
5.09,-76.729,-76.7854,-76.8446,-76.8899,-76.9195,-76.9358,-76.9414,-76.9391,-76.9308,-76.9183,-76.9026,-76.8846,-76.865,-76.8441,-76.8223,-76.7997,-76.7767,-76.7532,-76.7293,-76.7053,-76.6811,-76.6569,-76.6329,-76.6093,-76.5862,-76.5643,-76.5439,-76.5257,-76.5109,-76.5005,-76.4964,-76.5007,-76.5163,-76.5464,-76.5941,-76.6628
5.095,-76.7329,-76.7893,-76.8484,-76.8937,-76.9233,-76.9396,-76.9452,-76.9429,-76.9347,-76.9222,-76.9066,-76.8886,-76.869,-76.8482,-76.8264,-76.8039,-76.7809,-76.7574,-76.7337,-76.7097,-76.6856,-76.6614,-76.6375,-76.6139,-76.5909,-76.569,-76.5486,-76.5306,-76.5157,-76.5054,-76.5013,-76.5057,-76.5213,-76.5513,-76.599,-76.6676
5.1,-76.7368,-76.7932,-76.8522,-76.8975,-76.9271,-76.9434,-76.9491,-76.9468,-76.9386,-76.9261,-76.9105,-76.8926,-76.8731,-76.8523,-76.8305,-76.8081,-76.7851,-76.7617,-76.738,-76.7141,-76.69,-76.6659,-76.642,-76.6185,-76.5956,-76.5737,-76.5534,-76.5354,-76.5206,-76.5103,-76.5062,-76.5106,-76.5262,-76.5562,-76.6038,-76.6723
5.105,-76.7408,-76.7971,-76.8561,-76.9013,-76.9309,-76.9472,-76.9529,-76.9506,-76.9425,-76.93,-76.9145,-76.8966,-76.8771,-76.8563,-76.8347,-76.8123,-76.7893,-76.766,-76.7423,-76.7184,-76.6944,-76.6704,-76.6465,-76.623,-76.6002,-76.5784,-76.5581,-76.5402,-76.5254,-76.5152,-76.5111,-76.5155,-76.5311,-76.561,-76.6086,-76.677
5.11,-76.7447,-76.8009,-76.8599,-76.9051,-76.9347,-76.951,-76.9567,-76.9545,-76.9464,-76.9339,-76.9184,-76.9006,-76.8811,-76.8604,-76.8388,-76.8164,-76.7936,-76.7703,-76.7467,-76.7228,-76.6988,-76.6749,-76.6511,-76.6276,-76.6048,-76.5831,-76.5629,-76.5449,-76.5302,-76.52,-76.516,-76.5204,-76.536,-76.5659,-76.6134,-76.6817
5.115,-76.7486,-76.8048,-76.8637,-76.9089,-76.9385,-76.9548,-76.9605,-76.9583,-76.9502,-76.9378,-76.9223,-76.9046,-76.8851,-76.8645,-76.8429,-76.8206,-76.7978,-76.7745,-76.751,-76.7272,-76.7032,-76.6793,-76.6556,-76.6322,-76.6094,-76.5877,-76.5676,-76.5497,-76.5351,-76.5249,-76.5209,-76.5253,-76.5409,-76.5707,-76.6182,-76.6864
5.12,-76.7525,-76.8086,-76.8675,-76.9126,-76.9423,-76.9585,-76.9643,-76.9621,-76.9541,-76.9417,-76.9263,-76.9085,-76.8891,-76.8685,-76.847,-76.8247,-76.802,-76.7788,-76.7552,-76.7315,-76.7076,-76.6838,-76.6601,-76.6367,-76.6141,-76.5924,-76.5723,-76.5545,-76.5399,-76.5297,-76.5258,-76.5302,-76.5457,-76.5756,-76.623,-76.691
5.125,-76.7564,-76.8125,-76.8713,-76.9164,-76.946,-76.9623,-76.9681,-76.9659,-76.9579,-76.9456,-76.9302,-76.9125,-76.8932,-76.8726,-76.8511,-76.8289,-76.8062,-76.783,-76.7595,-76.7358,-76.712,-76.6882,-76.6646,-76.6413,-76.6187,-76.5971,-76.577,-76.5592,-76.5447,-76.5346,-76.5306,-76.5351,-76.5506,-76.5804,-76.6277,-76.6957
5.13,-76.7603,-76.8163,-76.8751,-76.9202,-76.9498,-76.9661,-76.9718,-76.9697,-76.9617,-76.9495,-76.9341,-76.9165,-76.8971,-76.8766,-76.8552,-76.833,-76.8103,-76.7872,-76.7638,-76.7402,-76.7164,-76.6927,-76.6691,-76.6458,-76.6232,-76.6017,-76.5817,-76.564,-76.5494,-76.5394,-76.5355,-76.5399,-76.5555,-76.5852,-76.6325,-76.7003
5.135,-76.7642,-76.8202,-76.8789,-76.9239,-76.9535,-76.9698,-76.9756,-76.9735,-76.9656,-76.9533,-76.938,-76.9204,-76.9011,-76.8806,-76.8592,-76.8371,-76.8145,-76.7915,-76.7681,-76.7445,-76.7208,-76.6971,-76.6735,-76.6504,-76.6278,-76.6063,-76.5864,-76.5687,-76.5542,-76.5442,-76.5403,-76.5448,-76.5603,-76.59,-76.6372,-76.705
5.14,-76.7681,-76.824,-76.8827,-76.9277,-76.9573,-76.9736,-76.9794,-76.9773,-76.9694,-76.9572,-76.9419,-76.9243,-76.9051,-76.8847,-76.8633,-76.8413,-76.8187,-76.7957,-76.7723,-76.7488,-76.7252,-76.7015,-76.678,-76.6549,-76.6324,-76.611,-76.5911,-76.5734,-76.559,-76.549,-76.5451,-76.5496,-76.5651,-76.5948,-76.6419,-76.7096
5.145,-76.7719,-76.8278,-76.8864,-76.9314,-76.961,-76.9773,-76.9831,-76.9811,-76.9732,-76.9611,-76.9458,-76.9283,-76.9091,-76.8887,-76.8674,-76.8454,-76.8228,-76.7999,-76.7766,-76.7531,-76.7295,-76.7059,-76.6825,-76.6594,-76.637,-76.6156,-76.5957,-76.5781,-76.5637,-76.5538,-76.55,-76.5544,-76.5699,-76.5996,-76.6466,-76.7142
5.15,-76.7758,-76.8316,-76.8902,-76.9352,-76.9647,-76.981,-76.9869,-76.9849,-76.977,-76.9649,-76.9497,-76.9322,-76.9131,-76.8927,-76.8714,-76.8495,-76.827,-76.8041,-76.7808,-76.7574,-76.7338,-76.7103,-76.6869,-76.6639,-76.6415,-76.6202,-76.6004,-76.5828,-76.5685,-76.5586,-76.5548,-76.5592,-76.5747,-76.6044,-76.6514,-76.7188
5.155,-76.7797,-76.8354,-76.894,-76.9389,-76.9685,-76.9848,-76.9906,-76.9886,-76.9808,-76.9687,-76.9535,-76.9361,-76.917,-76.8967,-76.8755,-76.8536,-76.8311,-76.8082,-76.7851,-76.7617,-76.7382,-76.7147,-76.6913,-76.6684,-76.646,-76.6248,-76.605,-76.5875,-76.5732,-76.5633,-76.5596,-76.5641,-76.5795,-76.6091,-76.656,-76.7234
5.16,-76.7835,-76.8392,-76.8977,-76.9426,-76.9722,-76.9885,-76.9944,-76.9924,-76.9846,-76.9726,-76.9574,-76.94,-76.921,-76.9007,-76.8795,-76.8576,-76.8352,-76.8124,-76.7893,-76.766,-76.7425,-76.7191,-76.6958,-76.6728,-76.6506,-76.6293,-76.6097,-76.5922,-76.5779,-76.5681,-76.5643,-76.5688,-76.5843,-76.6139,-76.6607,-76.728
5.165,-76.7874,-76.843,-76.9015,-76.9463,-76.9759,-76.9922,-76.9981,-76.9962,-76.9884,-76.9764,-76.9613,-76.9439,-76.9249,-76.9047,-76.8835,-76.8617,-76.8394,-76.8166,-76.7935,-76.7702,-76.7468,-76.7234,-76.7002,-76.6773,-76.6551,-76.6339,-76.6143,-76.5969,-76.5826,-76.5728,-76.5691,-76.5736,-76.5891,-76.6186,-76.6654,-76.7326
5.17,-76.7912,-76.8468,-76.9052,-76.9501,-76.9796,-76.9959,-77.0018,-76.9999,-76.9922,-76.9802,-76.9651,-76.9478,-76.9288,-76.9086,-76.8876,-76.8658,-76.8435,-76.8207,-76.7977,-76.7745,-76.7511,-76.7278,-76.7046,-76.6818,-76.6596,-76.6385,-76.6189,-76.6015,-76.5873,-76.5776,-76.5739,-76.5784,-76.5939,-76.6233,-76.6701,-76.7371
5.175,-76.7951,-76.8506,-76.9089,-76.9538,-76.9833,-76.9996,-77.0055,-77.0036,-76.9959,-76.984,-76.969,-76.9517,-76.9328,-76.9126,-76.8916,-76.8698,-76.8476,-76.8249,-76.8019,-76.7787,-76.7554,-76.7321,-76.709,-76.6862,-76.6641,-76.643,-76.6235,-76.6062,-76.592,-76.5823,-76.5786,-76.5832,-76.5986,-76.6281,-76.6747,-76.7417
5.18,-76.7989,-76.8544,-76.9127,-76.9575,-76.987,-77.0033,-77.0093,-77.0074,-76.9997,-76.9878,-76.9728,-76.9556,-76.9367,-76.9166,-76.8956,-76.8739,-76.8517,-76.829,-76.8061,-76.783,-76.7597,-76.7365,-76.7134,-76.6907,-76.6686,-76.6476,-76.6281,-76.6108,-76.5967,-76.587,-76.5834,-76.5879,-76.6033,-76.6328,-76.6794,-76.7462
5.185,-76.8027,-76.8581,-76.9164,-76.9612,-76.9906,-77.007,-77.013,-77.0111,-77.0035,-76.9916,-76.9766,-76.9594,-76.9406,-76.9205,-76.8996,-76.8779,-76.8558,-76.8332,-76.8103,-76.7872,-76.764,-76.7408,-76.7178,-76.6951,-76.6731,-76.6521,-76.6327,-76.6154,-76.6014,-76.5917,-76.5881,-76.5926,-76.6081,-76.6375,-76.684,-76.7508
5.19,-76.8065,-76.8619,-76.9201,-76.9648,-76.9943,-77.0107,-77.0167,-77.0148,-77.0072,-76.9954,-76.9805,-76.9633,-76.9445,-76.9245,-76.9036,-76.882,-76.8598,-76.8373,-76.8145,-76.7914,-76.7683,-76.7451,-76.7221,-76.6995,-76.6776,-76.6566,-76.6372,-76.6201,-76.606,-76.5964,-76.5928,-76.5974,-76.6128,-76.6421,-76.6886,-76.7553
5.195,-76.8103,-76.8657,-76.9238,-76.9685,-76.998,-77.0143,-77.0203,-77.0185,-77.011,-76.9992,-76.9843,-76.9671,-76.9484,-76.9284,-76.9075,-76.886,-76.8639,-76.8414,-76.8186,-76.7956,-76.7725,-76.7494,-76.7265,-76.7039,-76.682,-76.6611,-76.6418,-76.6247,-76.6107,-76.6011,-76.5975,-76.6021,-76.6175,-76.6468,-76.6932,-76.7598
5.2,-76.8141,-76.8694,-76.9275,-76.9722,-77.0017,-77.018,-77.024,-77.0223,-77.0147,-77.0029,-76.9881,-76.971,-76.9523,-76.9323,-76.9115,-76.89,-76.868,-76.8455,-76.8228,-76.7998,-76.7768,-76.7537,-76.7309,-76.7083,-76.6865,-76.6656,-76.6463,-76.6293,-76.6153,-76.6058,-76.6022,-76.6068,-76.6222,-76.6515,-76.6978,-76.7643
5.205,-76.8179,-76.8731,-76.9312,-76.9759,-77.0053,-77.0217,-77.0277,-77.026,-77.0184,-77.0067,-76.9919,-76.9748,-76.9562,-76.9363,-76.9155,-76.894,-76.872,-76.8496,-76.8269,-76.804,-76.781,-76.758,-76.7352,-76.7127,-76.6909,-76.6701,-76.6509,-76.6339,-76.62,-76.6104,-76.6069,-76.6115,-76.6269,-76.6561,-76.7024,-76.7688
5.21,-76.8217,-76.8769,-76.9349,-76.9795,-77.009,-77.0253,-77.0314,-77.0296,-77.0222,-77.0105,-76.9957,-76.9787,-76.96,-76.9402,-76.9194,-76.898,-76.8761,-76.8537,-76.8311,-76.8082,-76.7853,-76.7623,-76.7395,-76.7171,-76.6954,-76.6746,-76.6554,-76.6384,-76.6246,-76.6151,-76.6116,-76.6162,-76.6316,-76.6608,-76.707,-76.7732
5.215,-76.8255,-76.8806,-76.9386,-76.9832,-77.0126,-77.029,-77.035,-77.0333,-77.0259,-77.0142,-76.9995,-76.9825,-76.9639,-76.9441,-76.9234,-76.902,-76.8801,-76.8578,-76.8352,-76.8124,-76.7895,-76.7666,-76.7439,-76.7215,-76.6998,-76.6791,-76.66,-76.643,-76.6292,-76.6197,-76.6162,-76.6208,-76.6362,-76.6654,-76.7115,-76.7777
5.22,-76.8293,-76.8843,-76.9422,-76.9868,-77.0162,-77.0326,-77.0387,-77.037,-77.0296,-77.0179,-77.0032,-76.9863,-76.9678,-76.948,-76.9273,-76.906,-76.8841,-76.8619,-76.8393,-76.8166,-76.7937,-76.7709,-76.7482,-76.7259,-76.7042,-76.6836,-76.6645,-76.6476,-76.6338,-76.6244,-76.6209,-76.6255,-76.6409,-76.67,-76.7161,-76.7822
5.225,-76.833,-76.888,-76.9459,-76.9904,-77.0199,-77.0362,-77.0423,-77.0407,-77.0333,-77.0217,-77.007,-76.9901,-76.9716,-76.9519,-76.9313,-76.91,-76.8882,-76.866,-76.8434,-76.8207,-76.7979,-76.7751,-76.7525,-76.7302,-76.7086,-76.688,-76.669,-76.6521,-76.6384,-76.629,-76.6255,-76.6302,-76.6455,-76.6746,-76.7206,-76.7866
5.23,-76.8368,-76.8918,-76.9496,-76.9941,-77.0235,-77.0399,-77.046,-77.0443,-77.037,-77.0254,-77.0108,-76.9939,-76.9754,-76.9558,-76.9352,-76.9139,-76.8922,-76.87,-76.8475,-76.8249,-76.8021,-76.7794,-76.7568,-76.7346,-76.713,-76.6925,-76.6735,-76.6566,-76.643,-76.6336,-76.6302,-76.6348,-76.6501,-76.6792,-76.7252,-76.7911
5.235,-76.8406,-76.8955,-76.9532,-76.9977,-77.0271,-77.0435,-77.0496,-77.048,-77.0407,-77.0291,-77.0145,-76.9977,-76.9793,-76.9596,-76.9391,-76.9179,-76.8962,-76.8741,-76.8517,-76.829,-76.8063,-76.7836,-76.7611,-76.7389,-76.7174,-76.6969,-76.6779,-76.6612,-76.6475,-76.6382,-76.6348,-76.6394,-76.6548,-76.6838,-76.7297,-76.7955
5.24,-76.8443,-76.8992,-76.9569,-77.0013,-77.0307,-77.0471,-77.0533,-77.0517,-77.0443,-77.0328,-77.0183,-77.0015,-76.9831,-76.9635,-76.943,-76.9219,-76.9002,-76.8781,-76.8557,-76.8332,-76.8105,-76.7878,-76.7654,-76.7432,-76.7218,-76.7013,-76.6824,-76.6657,-76.6521,-76.6428,-76.6394,-76.6441,-76.6594,-76.6884,-76.7342,-76.7999
5.245,-76.8481,-76.9028,-76.9605,-77.0049,-77.0343,-77.0507,-77.0569,-77.0553,-77.048,-77.0366,-77.022,-77.0053,-76.9869,-76.9674,-76.9469,-76.9258,-76.9042,-76.8821,-76.8598,-76.8373,-76.8147,-76.7921,-76.7696,-76.7476,-76.7261,-76.7057,-76.6869,-76.6702,-76.6566,-76.6474,-76.644,-76.6487,-76.664,-76.6929,-76.7387,-76.8043
5.25,-76.8518,-76.9065,-76.9642,-77.0086,-77.0379,-77.0543,-77.0605,-77.0589,-77.0517,-77.0403,-77.0258,-77.0091,-76.9907,-76.9712,-76.9508,-76.9298,-76.9082,-76.8862,-76.8639,-76.8414,-76.8188,-76.7963,-76.7739,-76.7519,-76.7305,-76.7102,-76.6913,-76.6747,-76.6612,-76.6519,-76.6486,-76.6533,-76.6686,-76.6975,-76.7432,-76.8087
5.255,-76.8555,-76.9102,-76.9678,-77.0122,-77.0415,-77.0579,-77.0641,-77.0626,-77.0554,-77.0439,-77.0295,-77.0128,-76.9946,-76.9751,-76.9547,-76.9337,-76.9121,-76.8902,-76.868,-76.8455,-76.823,-76.8005,-76.7781,-76.7562,-76.7349,-76.7146,-76.6958,-76.6792,-76.6657,-76.6565,-76.6532,-76.6579,-76.6731,-76.702,-76.7477,-76.8131
5.26,-76.8593,-76.9139,-76.9714,-77.0157,-77.0451,-77.0615,-77.0677,-77.0662,-77.059,-77.0476,-77.0332,-77.0166,-76.9984,-76.9789,-76.9586,-76.9376,-76.9161,-76.8942,-76.872,-76.8496,-76.8271,-76.8047,-76.7824,-76.7605,-76.7392,-76.7189,-76.7002,-76.6837,-76.6702,-76.661,-76.6578,-76.6624,-76.6777,-76.7066,-76.7521,-76.8175
5.265,-76.863,-76.9175,-76.975,-77.0193,-77.0487,-77.0651,-77.0713,-77.0698,-77.0627,-77.0513,-77.0369,-77.0203,-77.0021,-76.9827,-76.9625,-76.9415,-76.9201,-76.8982,-76.8761,-76.8537,-76.8313,-76.8089,-76.7866,-76.7647,-76.7435,-76.7233,-76.7046,-76.6881,-76.6747,-76.6656,-76.6623,-76.667,-76.6823,-76.7111,-76.7566,-76.8218
5.27,-76.8667,-76.9212,-76.9786,-77.0229,-77.0522,-77.0686,-77.0749,-77.0734,-77.0663,-77.055,-77.0406,-77.0241,-77.0059,-76.9866,-76.9663,-76.9454,-76.924,-76.9022,-76.8801,-76.8578,-76.8354,-76.813,-76.7908,-76.769,-76.7479,-76.7277,-76.7091,-76.6926,-76.6792,-76.6701,-76.6669,-76.6716,-76.6868,-76.7156,-76.761,-76.8262
5.275,-76.8704,-76.9249,-76.9823,-77.0265,-77.0558,-77.0722,-77.0785,-77.077,-77.0699,-77.0587,-77.0443,-77.0278,-77.0097,-76.9904,-76.9702,-76.9493,-76.928,-76.9062,-76.8841,-76.8619,-76.8395,-76.8172,-76.7951,-76.7733,-76.7522,-76.7321,-76.7135,-76.697,-76.6837,-76.6746,-76.6714,-76.6761,-76.6914,-76.7201,-76.7655,-76.8305
5.28,-76.8741,-76.9285,-76.9859,-77.0301,-77.0594,-77.0758,-77.082,-77.0806,-77.0736,-77.0623,-77.048,-77.0316,-77.0135,-76.9942,-76.9741,-76.9532,-76.9319,-76.9102,-76.8882,-76.866,-76.8437,-76.8214,-76.7993,-76.7776,-76.7565,-76.7364,-76.7179,-76.7015,-76.6882,-76.6791,-76.6759,-76.6807,-76.6959,-76.7246,-76.7699,-76.8349
5.285,-76.8778,-76.9322,-76.9894,-77.0336,-77.0629,-77.0793,-77.0856,-77.0842,-77.0772,-77.066,-77.0517,-77.0353,-77.0172,-76.998,-76.9779,-76.9571,-76.9358,-76.9142,-76.8922,-76.87,-76.8478,-76.8255,-76.8035,-76.7818,-76.7608,-76.7408,-76.7223,-76.7059,-76.6926,-76.6836,-76.6805,-76.6852,-76.7004,-76.7291,-76.7743,-76.8392
5.29,-76.8815,-76.9358,-76.993,-77.0372,-77.0665,-77.0829,-77.0892,-77.0878,-77.0808,-77.0696,-77.0554,-77.039,-77.021,-77.0018,-76.9817,-76.961,-76.9398,-76.9181,-76.8962,-76.8741,-76.8519,-76.8297,-76.8077,-76.786,-76.7651,-76.7451,-76.7266,-76.7103,-76.6971,-76.6881,-76.685,-76.6897,-76.7049,-76.7336,-76.7788,-76.8435
5.295,-76.8852,-76.9394,-76.9966,-77.0407,-77.07,-77.0864,-77.0927,-77.0914,-77.0844,-77.0732,-77.0591,-77.0427,-77.0247,-77.0056,-76.9856,-76.9649,-76.9437,-76.9221,-76.9002,-76.8781,-76.856,-76.8338,-76.8119,-76.7903,-76.7693,-76.7494,-76.731,-76.7148,-76.7016,-76.6926,-76.6895,-76.6942,-76.7094,-76.738,-76.7832,-76.8478
5.3,-76.8888,-76.943,-77.0002,-77.0443,-77.0735,-77.09,-77.0963,-77.095,-77.088,-77.0769,-77.0628,-77.0464,-77.0285,-77.0094,-76.9894,-76.9687,-76.9476,-76.926,-76.9042,-76.8822,-76.8601,-76.838,-76.816,-76.7945,-76.7736,-76.7537,-76.7354,-76.7192,-76.706,-76.6971,-76.694,-76.6987,-76.7139,-76.7425,-76.7875,-76.8521
5.305,-76.8925,-76.9466,-77.0038,-77.0478,-77.0771,-77.0935,-77.0998,-77.0985,-77.0916,-77.0805,-77.0664,-77.0501,-77.0322,-77.0132,-76.9932,-76.9726,-76.9515,-76.93,-76.9082,-76.8862,-76.8641,-76.8421,-76.8202,-76.7987,-76.7779,-76.758,-76.7397,-76.7235,-76.7104,-76.7015,-76.6985,-76.7032,-76.7184,-76.7469,-76.7919,-76.8564
5.31,-76.8962,-76.9503,-77.0073,-77.0514,-77.0806,-77.097,-77.1034,-77.1021,-77.0952,-77.0841,-77.0701,-77.0538,-77.036,-77.0169,-76.997,-76.9764,-76.9554,-76.9339,-76.9122,-76.8902,-76.8682,-76.8462,-76.8244,-76.8029,-76.7821,-76.7623,-76.7441,-76.7279,-76.7149,-76.706,-76.7029,-76.7077,-76.7229,-76.7514,-76.7963,-76.8607
5.315,-76.8998,-76.9539,-77.0109,-77.0549,-77.0841,-77.1005,-77.1069,-77.1057,-77.0988,-77.0877,-77.0737,-77.0575,-77.0397,-77.0207,-77.0008,-76.9803,-76.9592,-76.9378,-76.9161,-76.8942,-76.8723,-76.8503,-76.8285,-76.8071,-76.7864,-76.7666,-76.7484,-76.7323,-76.7193,-76.7104,-76.7074,-76.7122,-76.7273,-76.7558,-76.8007,-76.8649
5.32,-76.9035,-76.9575,-77.0144,-77.0584,-77.0876,-77.1041,-77.1104,-77.1092,-77.1023,-77.0914,-77.0774,-77.0612,-77.0434,-77.0244,-77.0046,-76.9841,-76.9631,-76.9417,-76.9201,-76.8982,-76.8763,-76.8544,-76.8327,-76.8113,-76.7906,-76.7709,-76.7527,-76.7367,-76.7237,-76.7149,-76.7118,-76.7166,-76.7318,-76.7602,-76.805,-76.8692
5.325,-76.9071,-76.9611,-77.018,-77.0619,-77.0911,-77.1076,-77.114,-77.1127,-77.1059,-77.0949,-77.081,-77.0648,-77.0471,-77.0282,-77.0084,-76.9879,-76.967,-76.9457,-76.924,-76.9022,-76.8803,-76.8585,-76.8368,-76.8155,-76.7948,-76.7752,-76.757,-76.741,-76.7281,-76.7193,-76.7163,-76.7211,-76.7362,-76.7646,-76.8094,-76.8735
5.33,-76.9108,-76.9646,-77.0215,-77.0654,-77.0946,-77.1111,-77.1175,-77.1163,-77.1095,-77.0985,-77.0846,-77.0685,-77.0508,-77.0319,-77.0122,-76.9918,-76.9709,-76.9496,-76.928,-76.9062,-76.8844,-76.8626,-76.8409,-76.8197,-76.799,-76.7794,-76.7613,-76.7454,-76.7324,-76.7237,-76.7207,-76.7255,-76.7406,-76.769,-76.8137,-76.8777
5.335,-76.9144,-76.9682,-77.025,-77.0689,-77.0981,-77.1146,-77.121,-77.1198,-77.113,-77.1021,-77.0882,-77.0722,-77.0545,-77.0357,-77.0159,-76.9956,-76.9747,-76.9535,-76.9319,-76.9102,-76.8884,-76.8666,-76.845,-76.8238,-76.8033,-76.7837,-76.7656,-76.7497,-76.7368,-76.7281,-76.7252,-76.73,-76.7451,-76.7734,-76.818,-76.8819
5.34,-76.918,-76.9718,-77.0286,-77.0724,-77.1016,-77.118,-77.1245,-77.1233,-77.1166,-77.1057,-77.0919,-77.0758,-77.0582,-77.0394,-77.0197,-76.9994,-76.9786,-76.9574,-76.9359,-76.9142,-76.8924,-76.8707,-76.8492,-76.828,-76.8075,-76.7879,-76.7699,-76.7541,-76.7412,-76.7325,-76.7296,-76.7344,-76.7495,-76.7778,-76.8223,-76.8861
5.345,-76.9217,-76.9754,-77.0321,-77.0759,-77.1051,-77.1215,-77.128,-77.1269,-77.1201,-77.1093,-77.0955,-77.0795,-77.0619,-77.0431,-77.0235,-77.0032,-76.9824,-76.9612,-76.9398,-76.9182,-76.8964,-76.8748,-76.8533,-76.8321,-76.8117,-76.7922,-76.7742,-76.7584,-76.7455,-76.7369,-76.734,-76.7388,-76.7539,-76.7821,-76.8266,-76.8904
5.35,-76.9253,-76.9789,-77.0356,-77.0794,-77.1085,-77.125,-77.1315,-77.1304,-77.1237,-77.1129,-77.0991,-77.0831,-77.0655,-77.0468,-77.0272,-77.007,-76.9862,-76.9651,-76.9437,-76.9221,-76.9005,-76.8788,-76.8574,-76.8363,-76.8158,-76.7964,-76.7785,-76.7627,-76.7499,-76.7413,-76.7384,-76.7432,-76.7583,-76.7865,-76.8309,-76.8946
5.355,-76.9289,-76.9825,-77.0391,-77.0829,-77.112,-77.1285,-77.1349,-77.1339,-77.1272,-77.1164,-77.1027,-77.0867,-77.0692,-77.0505,-77.031,-77.0108,-76.9901,-76.969,-76.9476,-76.9261,-76.9044,-76.8829,-76.8614,-76.8404,-76.82,-76.8006,-76.7827,-76.767,-76.7542,-76.7456,-76.7428,-76.7476,-76.7626,-76.7908,-76.8352,-76.8988
5.36,-76.9325,-76.986,-77.0426,-77.0864,-77.1155,-77.1319,-77.1384,-77.1374,-77.1307,-77.12,-77.1062,-77.0903,-77.0729,-77.0542,-77.0347,-77.0145,-76.9939,-76.9728,-76.9515,-76.93,-76.9084,-76.8869,-76.8655,-76.8445,-76.8242,-76.8048,-76.787,-76.7713,-76.7586,-76.75,-76.7471,-76.752,-76.767,-76.7952,-76.8395,-76.9029
5.365,-76.9361,-76.9896,-77.0461,-77.0898,-77.1189,-77.1354,-77.1419,-77.1409,-77.1342,-77.1235,-77.1098,-77.094,-77.0765,-77.0579,-77.0384,-77.0183,-76.9977,-76.9767,-76.9554,-76.934,-76.9124,-76.8909,-76.8696,-76.8486,-76.8283,-76.809,-76.7912,-76.7756,-76.7629,-76.7543,-76.7515,-76.7563,-76.7714,-76.7995,-76.8438,-76.9071
5.37,-76.9397,-76.9931,-77.0496,-77.0933,-77.1224,-77.1388,-77.1454,-77.1443,-77.1377,-77.1271,-77.1134,-77.0976,-77.0802,-77.0616,-77.0422,-77.0221,-77.0015,-76.9805,-76.9593,-76.9379,-76.9164,-76.8949,-76.8736,-76.8527,-76.8325,-76.8132,-76.7955,-76.7798,-76.7672,-76.7587,-76.7559,-76.7607,-76.7757,-76.8038,-76.848,-76.9113
5.375,-76.9433,-76.9967,-77.0531,-77.0967,-77.1258,-77.1423,-77.1488,-77.1478,-77.1413,-77.1306,-77.117,-77.1012,-77.0838,-77.0653,-77.0459,-77.0258,-77.0053,-76.9844,-76.9632,-76.9418,-76.9203,-76.8989,-76.8777,-76.8568,-76.8366,-76.8174,-76.7997,-76.7841,-76.7715,-76.763,-76.7602,-76.7651,-76.7801,-76.8081,-76.8523,-76.9154
5.38,-76.9469,-77.0002,-77.0566,-77.1002,-77.1292,-77.1457,-77.1523,-77.1513,-77.1447,-77.1341,-77.1205,-77.1048,-77.0874,-77.0689,-77.0496,-77.0296,-77.0091,-76.9882,-76.967,-76.9457,-76.9243,-76.9029,-76.8817,-76.8609,-76.8408,-76.8216,-76.8039,-76.7884,-76.7758,-76.7673,-76.7645,-76.7694,-76.7844,-76.8124,-76.8565,-76.9196
5.385,-76.9504,-77.0037,-77.06,-77.1036,-77.1327,-77.1492,-77.1557,-77.1548,-77.1482,-77.1376,-77.1241,-77.1084,-77.0911,-77.0726,-77.0533,-77.0333,-77.0128,-76.992,-76.9709,-76.9496,-76.9283,-76.9069,-76.8858,-76.865,-76.8449,-76.8258,-76.8081,-76.7926,-76.7801,-76.7717,-76.7689,-76.7738,-76.7887,-76.8167,-76.8607,-76.9237
5.39,-76.954,-77.0072,-77.0635,-77.1071,-77.1361,-77.1526,-77.1592,-77.1582,-77.1517,-77.1412,-77.1276,-77.1119,-77.0947,-77.0763,-77.057,-77.037,-77.0166,-76.9958,-76.9748,-76.9535,-76.9322,-76.9109,-76.8898,-76.8691,-76.849,-76.8299,-76.8123,-76.7968,-76.7843,-76.776,-76.7732,-76.7781,-76.7931,-76.821,-76.865,-76.9279
5.395,-76.9576,-77.0107,-77.067,-77.1105,-77.1395,-77.156,-77.1626,-77.1617,-77.1552,-77.1447,-77.1312,-77.1155,-77.0983,-77.0799,-77.0607,-77.0408,-77.0204,-76.9996,-76.9786,-76.9574,-76.9361,-76.9149,-76.8938,-76.8731,-76.8531,-76.8341,-76.8165,-76.8011,-76.7886,-76.7803,-76.7775,-76.7824,-76.7974,-76.8253,-76.8692,-76.932
5.4,-76.9611,-77.0142,-77.0704,-77.1139,-77.1429,-77.1594,-77.166,-77.1651,-77.1587,-77.1482,-77.1347,-77.1191,-77.1019,-77.0835,-77.0643,-77.0445,-77.0241,-77.0034,-76.9825,-76.9613,-76.9401,-76.9189,-76.8978,-76.8772,-76.8572,-76.8382,-76.8207,-76.8053,-76.7929,-76.7845,-76.7818,-76.7867,-76.8017,-76.8296,-76.8734,-76.9361
5.405,-76.9647,-77.0177,-77.0739,-77.1173,-77.1463,-77.1628,-77.1694,-77.1686,-77.1621,-77.1517,-77.1382,-77.1227,-77.1055,-77.0872,-77.068,-77.0482,-77.0279,-77.0072,-76.9863,-76.9652,-76.944,-76.9228,-76.9018,-76.8812,-76.8613,-76.8424,-76.8249,-76.8095,-76.7971,-76.7888,-76.7861,-76.791,-76.8059,-76.8338,-76.8776,-76.9402
5.41,-76.9682,-77.0212,-77.0773,-77.1208,-77.1497,-77.1662,-77.1729,-77.172,-77.1656,-77.1552,-77.1418,-77.1262,-77.1091,-77.0908,-77.0717,-77.0519,-77.0316,-77.011,-76.9901,-76.969,-76.9479,-76.9268,-76.9058,-76.8853,-76.8654,-76.8465,-76.829,-76.8137,-76.8014,-76.7931,-76.7904,-76.7953,-76.8102,-76.8381,-76.8817,-76.9443
5.415,-76.9718,-77.0247,-77.0807,-77.1242,-77.1532,-77.1696,-77.1763,-77.1754,-77.1691,-77.1586,-77.1453,-77.1298,-77.1127,-77.0944,-77.0753,-77.0556,-77.0354,-77.0148,-76.9939,-76.9729,-76.9518,-76.9307,-76.9098,-76.8893,-76.8695,-76.8506,-76.8332,-76.8179,-76.8056,-76.7973,-76.7947,-76.7996,-76.8145,-76.8423,-76.8859,-76.9484
5.42,-76.9753,-77.0282,-77.0842,-77.1276,-77.1565,-77.173,-77.1797,-77.1789,-77.1725,-77.1621,-77.1488,-77.1333,-77.1163,-77.0981,-77.079,-77.0593,-77.0391,-77.0186,-76.9977,-76.9768,-76.9557,-76.9347,-76.9138,-76.8933,-76.8735,-76.8547,-76.8374,-76.8221,-76.8098,-76.8016,-76.7989,-76.8038,-76.8188,-76.8465,-76.8901,-76.9524
5.425,-76.9788,-77.0317,-77.0876,-77.131,-77.1599,-77.1764,-77.1831,-77.1823,-77.176,-77.1656,-77.1523,-77.1368,-77.1198,-77.1017,-77.0826,-77.063,-77.0428,-77.0223,-77.0016,-76.9806,-76.9596,-76.9386,-76.9178,-76.8974,-76.8776,-76.8588,-76.8415,-76.8263,-76.814,-76.8058,-76.8032,-76.8081,-76.823,-76.8507,-76.8942,-76.9565
5.43,-76.9824,-77.0351,-77.091,-77.1344,-77.1633,-77.1798,-77.1865,-77.1857,-77.1794,-77.1691,-77.1558,-77.1404,-77.1234,-77.1053,-77.0863,-77.0667,-77.0466,-77.0261,-77.0054,-76.9844,-76.9635,-76.9425,-76.9217,-76.9014,-76.8816,-76.8629,-76.8456,-76.8305,-76.8182,-76.8101,-76.8075,-76.8124,-76.8273,-76.8549,-76.8984,-76.9606
5.435,-76.9859,-77.0386,-77.0945,-77.1377,-77.1667,-77.1832,-77.1898,-77.1891,-77.1828,-77.1725,-77.1593,-77.1439,-77.127,-77.1089,-77.0899,-77.0703,-77.0503,-77.0298,-77.0091,-76.9883,-76.9673,-76.9464,-76.9257,-76.9054,-76.8857,-76.867,-76.8498,-76.8346,-76.8224,-76.8143,-76.8117,-76.8166,-76.8315,-76.8591,-76.9025,-76.9646
5.44,-76.9894,-77.042,-77.0979,-77.1411,-77.17,-77.1865,-77.1932,-77.1925,-77.1862,-77.176,-77.1628,-77.1474,-77.1305,-77.1125,-77.0936,-77.074,-77.054,-77.0336,-77.0129,-76.9921,-76.9712,-76.9503,-76.9297,-76.9094,-76.8897,-76.8711,-76.8539,-76.8388,-76.8266,-76.8185,-76.8159,-76.8209,-76.8357,-76.8633,-76.9067,-76.9687
5.445,-76.9929,-77.0455,-77.1013,-77.1445,-77.1734,-77.1899,-77.1966,-77.1959,-77.1897,-77.1794,-77.1662,-77.1509,-77.1341,-77.116,-77.0972,-77.0777,-77.0577,-77.0373,-77.0167,-76.9959,-76.9751,-76.9542,-76.9336,-76.9133,-76.8937,-76.8751,-76.858,-76.8429,-76.8308,-76.8227,-76.8202,-76.8251,-76.8399,-76.8675,-76.9108,-76.9727
5.45,-76.9964,-77.049,-77.1047,-77.1479,-77.1768,-77.1933,-77.2,-77.1993,-77.1931,-77.1829,-77.1697,-77.1544,-77.1376,-77.1196,-77.1008,-77.0813,-77.0614,-77.0411,-77.0205,-76.9997,-76.9789,-76.9581,-76.9375,-76.9173,-76.8978,-76.8792,-76.8621,-76.8471,-76.835,-76.8269,-76.8244,-76.8293,-76.8441,-76.8717,-76.9149,-76.9767
5.455,-76.9999,-77.0524,-77.1081,-77.1512,-77.1801,-77.1966,-77.2033,-77.2027,-77.1965,-77.1863,-77.1732,-77.1579,-77.1411,-77.1232,-77.1044,-77.085,-77.065,-77.0448,-77.0242,-77.0035,-76.9827,-76.962,-76.9415,-76.9213,-76.9018,-76.8832,-76.8662,-76.8512,-76.8391,-76.8311,-76.8286,-76.8335,-76.8483,-76.8758,-76.919,-76.9807
5.46,-77.0034,-77.0558,-77.1114,-77.1546,-77.1835,-77.2,-77.2067,-77.206,-77.1999,-77.1897,-77.1767,-77.1614,-77.1447,-77.1267,-77.108,-77.0886,-77.0687,-77.0485,-77.028,-77.0073,-76.9866,-76.9659,-76.9454,-76.9253,-76.9058,-76.8873,-76.8703,-76.8553,-76.8433,-76.8353,-76.8328,-76.8377,-76.8525,-76.88,-76.9231,-76.9847
5.465,-77.0069,-77.0593,-77.1148,-77.1579,-77.1868,-77.2033,-77.21,-77.2094,-77.2033,-77.1932,-77.1801,-77.1649,-77.1482,-77.1303,-77.1116,-77.0922,-77.0724,-77.0522,-77.0317,-77.0111,-76.9904,-76.9698,-76.9493,-76.9292,-76.9098,-76.8913,-76.8743,-76.8594,-76.8474,-76.8394,-76.837,-76.8419,-76.8567,-76.8841,-76.9272,-76.9887
5.47,-77.0104,-77.0627,-77.1182,-77.1613,-77.1901,-77.2066,-77.2134,-77.2128,-77.2067,-77.1966,-77.1835,-77.1684,-77.1517,-77.1339,-77.1152,-77.0959,-77.0761,-77.0559,-77.0355,-77.0149,-76.9942,-76.9736,-76.9532,-76.9332,-76.9138,-76.8953,-76.8784,-76.8635,-76.8515,-76.8436,-76.8411,-76.8461,-76.8609,-76.8883,-76.9313,-76.9927
5.475,-77.0138,-77.0661,-77.1216,-77.1646,-77.1935,-77.21,-77.2167,-77.2161,-77.2101,-77.2,-77.187,-77.1719,-77.1552,-77.1374,-77.1188,-77.0995,-77.0797,-77.0596,-77.0392,-77.0187,-76.998,-76.9775,-76.9571,-76.9371,-76.9177,-76.8994,-76.8825,-76.8676,-76.8557,-76.8477,-76.8453,-76.8503,-76.865,-76.8924,-76.9353,-76.9967
5.48,-77.0173,-77.0695,-77.1249,-77.168,-77.1968,-77.2133,-77.2201,-77.2195,-77.2134,-77.2034,-77.1904,-77.1753,-77.1587,-77.1409,-77.1223,-77.1031,-77.0834,-77.0633,-77.0429,-77.0224,-77.0019,-76.9813,-76.961,-76.941,-76.9217,-76.9034,-76.8865,-76.8717,-76.8598,-76.8519,-76.8495,-76.8544,-76.8692,-76.8965,-76.9394,-77.0007
5.485,-77.0208,-77.0729,-77.1283,-77.1713,-77.2001,-77.2166,-77.2234,-77.2228,-77.2168,-77.2068,-77.1939,-77.1788,-77.1622,-77.1445,-77.1259,-77.1067,-77.087,-77.067,-77.0467,-77.0262,-77.0057,-76.9852,-76.9649,-76.9449,-76.9257,-76.9074,-76.8905,-76.8758,-76.8639,-76.856,-76.8536,-76.8586,-76.8733,-76.9006,-76.9434,-77.0046
5.49,-77.0242,-77.0763,-77.1317,-77.1746,-77.2034,-77.2199,-77.2267,-77.2262,-77.2202,-77.2102,-77.1973,-77.1823,-77.1657,-77.148,-77.1295,-77.1103,-77.0906,-77.0706,-77.0504,-77.0299,-77.0095,-76.989,-76.9687,-76.9489,-76.9296,-76.9114,-76.8946,-76.8799,-76.868,-76.8602,-76.8578,-76.8627,-76.8775,-76.9047,-76.9475,-77.0086
5.495,-77.0277,-77.0797,-77.135,-77.1779,-77.2067,-77.2232,-77.23,-77.2295,-77.2235,-77.2136,-77.2007,-77.1857,-77.1692,-77.1515,-77.133,-77.1139,-77.0943,-77.0743,-77.0541,-77.0337,-77.0132,-76.9928,-76.9726,-76.9528,-76.9336,-76.9154,-76.8986,-76.8839,-76.8721,-76.8643,-76.8619,-76.8669,-76.8816,-76.9088,-76.9515,-77.0126
5.5,-77.0311,-77.0831,-77.1383,-77.1813,-77.21,-77.2265,-77.2333,-77.2328,-77.2269,-77.217,-77.2041,-77.1892,-77.1727,-77.155,-77.1366,-77.1175,-77.0979,-77.078,-77.0578,-77.0374,-77.017,-76.9966,-76.9765,-76.9567,-76.9375,-76.9193,-76.9026,-76.888,-76.8762,-76.8684,-76.866,-76.871,-76.8857,-76.9129,-76.9555,-77.0165
5.505,-77.0346,-77.0865,-77.1417,-77.1846,-77.2133,-77.2298,-77.2367,-77.2362,-77.2302,-77.2203,-77.2075,-77.1926,-77.1761,-77.1585,-77.1401,-77.121,-77.1015,-77.0816,-77.0615,-77.0412,-77.0208,-77.0005,-76.9803,-76.9606,-76.9414,-76.9233,-76.9066,-76.892,-76.8803,-76.8725,-76.8701,-76.8751,-76.8898,-76.917,-76.9596,-77.0204
5.51,-77.038,-77.0899,-77.145,-77.1879,-77.2166,-77.2331,-77.24,-77.2395,-77.2336,-77.2237,-77.2109,-77.196,-77.1796,-77.162,-77.1436,-77.1246,-77.1051,-77.0853,-77.0652,-77.0449,-77.0246,-77.0043,-76.9842,-76.9644,-76.9454,-76.9273,-76.9106,-76.896,-76.8843,-76.8766,-76.8743,-76.8792,-76.8939,-76.9211,-76.9636,-77.0243
5.515,-77.0414,-77.0933,-77.1483,-77.1912,-77.2199,-77.2364,-77.2432,-77.2428,-77.2369,-77.2271,-77.2143,-77.1995,-77.1831,-77.1655,-77.1472,-77.1282,-77.1087,-77.0889,-77.0688,-77.0486,-77.0283,-77.0081,-76.988,-76.9683,-76.9493,-76.9312,-76.9146,-76.9001,-76.8884,-76.8807,-76.8784,-76.8834,-76.898,-76.9251,-76.9676,-77.0283
5.52,-77.0449,-77.0966,-77.1517,-77.1945,-77.2232,-77.2397,-77.2465,-77.2461,-77.2402,-77.2304,-77.2177,-77.2029,-77.1865,-77.169,-77.1507,-77.1317,-77.1123,-77.0925,-77.0725,-77.0523,-77.0321,-77.0118,-76.9918,-76.9722,-76.9532,-76.9352,-76.9186,-76.9041,-76.8924,-76.8848,-76.8825,-76.8875,-76.9021,-76.9292,-76.9716,-77.0322
5.525,-77.0483,-77.1,-77.155,-77.1977,-77.2264,-77.2429,-77.2498,-77.2494,-77.2436,-77.2338,-77.2211,-77.2063,-77.19,-77.1725,-77.1542,-77.1353,-77.1159,-77.0962,-77.0762,-77.056,-77.0358,-77.0156,-76.9957,-76.9761,-76.9571,-76.9391,-76.9226,-76.9081,-76.8965,-76.8888,-76.8865,-76.8915,-76.9062,-76.9332,-76.9755,-77.0361
5.53,-77.0517,-77.1033,-77.1583,-77.201,-77.2297,-77.2462,-77.2531,-77.2527,-77.2469,-77.2371,-77.2245,-77.2097,-77.1934,-77.176,-77.1577,-77.1388,-77.1195,-77.0998,-77.0798,-77.0597,-77.0395,-77.0194,-76.9995,-76.9799,-76.961,-76.9431,-76.9266,-76.9121,-76.9005,-76.8929,-76.8906,-76.8956,-76.9103,-76.9373,-76.9795,-77.04
5.535,-77.0551,-77.1067,-77.1616,-77.2043,-77.233,-77.2495,-77.2564,-77.256,-77.2502,-77.2405,-77.2278,-77.2131,-77.1968,-77.1794,-77.1612,-77.1424,-77.1231,-77.1034,-77.0835,-77.0634,-77.0433,-77.0232,-77.0033,-76.9838,-76.9649,-76.947,-76.9305,-76.9161,-76.9046,-76.8969,-76.8947,-76.8997,-76.9143,-76.9413,-76.9835,-77.0438
5.54,-77.0585,-77.11,-77.1649,-77.2076,-77.2362,-77.2527,-77.2596,-77.2593,-77.2535,-77.2438,-77.2312,-77.2165,-77.2003,-77.1829,-77.1647,-77.1459,-77.1266,-77.107,-77.0871,-77.0671,-77.047,-77.0269,-77.0071,-76.9876,-76.9688,-76.9509,-76.9345,-76.9201,-76.9086,-76.901,-76.8988,-76.9038,-76.9184,-76.9453,-76.9875,-77.0477
5.545,-77.0619,-77.1134,-77.1682,-77.2108,-77.2395,-77.256,-77.2629,-77.2626,-77.2568,-77.2471,-77.2346,-77.2199,-77.2037,-77.1864,-77.1682,-77.1494,-77.1302,-77.1106,-77.0908,-77.0708,-77.0507,-77.0307,-77.0109,-76.9914,-76.9726,-76.9548,-76.9384,-76.9241,-76.9126,-76.905,-76.9028,-76.9078,-76.9224,-76.9493,-76.9914,-77.0516
5.55,-77.0653,-77.1167,-77.1715,-77.2141,-77.2427,-77.2592,-77.2662,-77.2658,-77.2601,-77.2505,-77.2379,-77.2233,-77.2071,-77.1898,-77.1717,-77.153,-77.1338,-77.1142,-77.0944,-77.0744,-77.0544,-77.0344,-77.0146,-76.9953,-76.9765,-76.9587,-76.9424,-76.9281,-76.9166,-76.909,-76.9069,-76.9119,-76.9265,-76.9533,-76.9954,-77.0554
5.555,-77.0687,-77.1201,-77.1748,-77.2173,-77.246,-77.2625,-77.2694,-77.2691,-77.2634,-77.2538,-77.2412,-77.2266,-77.2105,-77.1933,-77.1752,-77.1565,-77.1373,-77.1178,-77.098,-77.0781,-77.0581,-77.0382,-77.0184,-76.9991,-76.9804,-76.9626,-76.9463,-76.932,-76.9206,-76.9131,-76.9109,-76.9159,-76.9305,-76.9573,-76.9993,-77.0593
5.56,-77.0721,-77.1234,-77.178,-77.2206,-77.2492,-77.2657,-77.2727,-77.2724,-77.2667,-77.2571,-77.2446,-77.23,-77.2139,-77.1967,-77.1786,-77.16,-77.1408,-77.1214,-77.1016,-77.0817,-77.0618,-77.0419,-77.0222,-77.0029,-76.9842,-76.9665,-76.9502,-76.936,-76.9246,-76.9171,-76.9149,-76.9199,-76.9345,-76.9613,-77.0032,-77.0631
5.565,-77.0754,-77.1267,-77.1813,-77.2238,-77.2524,-77.2689,-77.2759,-77.2756,-77.27,-77.2604,-77.2479,-77.2334,-77.2173,-77.2001,-77.1821,-77.1635,-77.1444,-77.1249,-77.1052,-77.0854,-77.0655,-77.0456,-77.026,-77.0067,-76.9881,-76.9704,-76.9541,-76.9399,-76.9286,-76.9211,-76.9189,-76.924,-76.9385,-76.9653,-77.0071,-77.067
5.57,-77.0788,-77.13,-77.1846,-77.2271,-77.2556,-77.2721,-77.2791,-77.2789,-77.2732,-77.2637,-77.2513,-77.2367,-77.2207,-77.2036,-77.1856,-77.167,-77.1479,-77.1285,-77.1088,-77.089,-77.0692,-77.0493,-77.0297,-77.0105,-76.9919,-76.9743,-76.9581,-76.9439,-76.9325,-76.9251,-76.923,-76.928,-76.9425,-76.9692,-77.011,-77.0708
5.575,-77.0822,-77.1333,-77.1879,-77.2303,-77.2589,-77.2754,-77.2824,-77.2821,-77.2765,-77.267,-77.2546,-77.2401,-77.2241,-77.207,-77.189,-77.1705,-77.1514,-77.1321,-77.1124,-77.0927,-77.0728,-77.0531,-77.0335,-77.0143,-76.9957,-76.9781,-76.962,-76.9478,-76.9365,-76.9291,-76.927,-76.932,-76.9465,-76.9732,-77.0149,-77.0746
5.58,-77.0855,-77.1366,-77.1911,-77.2335,-77.2621,-77.2786,-77.2856,-77.2854,-77.2798,-77.2703,-77.2579,-77.2434,-77.2275,-77.2104,-77.1925,-77.1739,-77.155,-77.1356,-77.116,-77.0963,-77.0765,-77.0568,-77.0372,-77.0181,-76.9995,-76.982,-76.9659,-76.9518,-76.9405,-76.9331,-76.9309,-76.936,-76.9505,-76.9772,-77.0188,-77.0784
5.585,-77.0889,-77.1399,-77.1944,-77.2368,-77.2653,-77.2818,-77.2888,-77.2886,-77.283,-77.2736,-77.2612,-77.2468,-77.2309,-77.2138,-77.1959,-77.1774,-77.1585,-77.1392,-77.1196,-77.0999,-77.0802,-77.0605,-77.041,-77.0218,-77.0033,-76.9858,-76.9697,-76.9557,-76.9444,-76.937,-76.9349,-76.94,-76.9545,-76.9811,-77.0227,-77.0822
5.59,-77.0922,-77.1432,-77.1976,-77.24,-77.2685,-77.285,-77.292,-77.2918,-77.2863,-77.2768,-77.2645,-77.2501,-77.2342,-77.2172,-77.1993,-77.1809,-77.162,-77.1427,-77.1232,-77.1035,-77.0838,-77.0641,-77.0447,-77.0256,-77.0071,-76.9897,-76.9736,-76.9596,-76.9484,-76.941,-76.9389,-76.944,-76.9584,-76.985,-77.0266,-77.086
5.595,-77.0956,-77.1465,-77.2009,-77.2432,-77.2717,-77.2882,-77.2952,-77.295,-77.2895,-77.2801,-77.2678,-77.2535,-77.2376,-77.2206,-77.2028,-77.1844,-77.1655,-77.1462,-77.1268,-77.1071,-77.0875,-77.0678,-77.0484,-77.0294,-77.0109,-76.9935,-76.9775,-76.9635,-76.9523,-76.945,-76.9429,-76.9479,-76.9624,-76.989,-77.0305,-77.0898
5.6,-77.0989,-77.1498,-77.2041,-77.2464,-77.2749,-77.2914,-77.2984,-77.2983,-77.2928,-77.2834,-77.2711,-77.2568,-77.2409,-77.224,-77.2062,-77.1878,-77.169,-77.1498,-77.1303,-77.1107,-77.0911,-77.0715,-77.0521,-77.0331,-77.0147,-76.9973,-76.9814,-76.9674,-76.9562,-76.9489,-76.9469,-76.9519,-76.9664,-76.9929,-77.0343,-77.0936
5.605,-77.1023,-77.1531,-77.2073,-77.2496,-77.2781,-77.2946,-77.3016,-77.3015,-77.296,-77.2866,-77.2744,-77.2601,-77.2443,-77.2274,-77.2096,-77.1913,-77.1725,-77.1533,-77.1339,-77.1143,-77.0947,-77.0752,-77.0558,-77.0369,-77.0185,-77.0012,-76.9852,-76.9713,-76.9601,-76.9528,-76.9508,-76.9559,-76.9703,-76.9968,-77.0382,-77.0974
5.61,-77.1056,-77.1564,-77.2105,-77.2528,-77.2812,-77.2978,-77.3048,-77.3047,-77.2992,-77.2899,-77.2777,-77.2634,-77.2476,-77.2307,-77.213,-77.1947,-77.1759,-77.1568,-77.1375,-77.1179,-77.0984,-77.0788,-77.0595,-77.0406,-77.0223,-77.005,-76.9891,-76.9752,-76.964,-76.9568,-76.9548,-76.9598,-76.9742,-77.0007,-77.042,-77.1011
5.615,-77.1089,-77.1596,-77.2138,-77.256,-77.2844,-77.3009,-77.308,-77.3079,-77.3025,-77.2931,-77.281,-77.2667,-77.251,-77.2341,-77.2164,-77.1982,-77.1794,-77.1603,-77.141,-77.1215,-77.102,-77.0825,-77.0632,-77.0443,-77.0261,-77.0088,-76.9929,-76.979,-76.9679,-76.9607,-76.9587,-76.9638,-76.9782,-77.0046,-77.0459,-77.1049
5.62,-77.1122,-77.1629,-77.217,-77.2592,-77.2876,-77.3041,-77.3112,-77.3111,-77.3057,-77.2964,-77.2842,-77.27,-77.2543,-77.2375,-77.2198,-77.2016,-77.1829,-77.1638,-77.1445,-77.1251,-77.1056,-77.0862,-77.0669,-77.0481,-77.0298,-77.0126,-76.9967,-76.9829,-76.9718,-76.9646,-76.9626,-76.9677,-76.9821,-77.0085,-77.0497,-77.1086
5.625,-77.1156,-77.1662,-77.2202,-77.2623,-77.2908,-77.3073,-77.3143,-77.3143,-77.3089,-77.2996,-77.2875,-77.2733,-77.2576,-77.2408,-77.2232,-77.205,-77.1863,-77.1673,-77.1481,-77.1287,-77.1092,-77.0898,-77.0706,-77.0518,-77.0336,-77.0164,-77.0006,-76.9868,-76.9757,-76.9685,-76.9666,-76.9716,-76.986,-77.0124,-77.0535,-77.1124
5.63,-77.1189,-77.1694,-77.2234,-77.2655,-77.2939,-77.3104,-77.3175,-77.3175,-77.3121,-77.3029,-77.2908,-77.2766,-77.261,-77.2442,-77.2266,-77.2084,-77.1898,-77.1708,-77.1516,-77.1322,-77.1128,-77.0934,-77.0743,-77.0555,-77.0373,-77.0202,-77.0044,-76.9906,-76.9796,-76.9724,-76.9705,-76.9755,-76.9899,-77.0162,-77.0574,-77.1161
5.635,-77.1222,-77.1727,-77.2266,-77.2687,-77.2971,-77.3136,-77.3207,-77.3206,-77.3153,-77.3061,-77.294,-77.2799,-77.2643,-77.2475,-77.23,-77.2118,-77.1932,-77.1743,-77.1551,-77.1358,-77.1164,-77.0971,-77.0779,-77.0592,-77.0411,-77.0239,-77.0082,-76.9945,-76.9835,-76.9763,-76.9744,-76.9795,-76.9938,-77.0201,-77.0612,-77.1198
5.64,-77.1255,-77.1759,-77.2298,-77.2719,-77.3002,-77.3167,-77.3238,-77.3238,-77.3185,-77.3093,-77.2973,-77.2832,-77.2676,-77.2509,-77.2334,-77.2153,-77.1967,-77.1778,-77.1586,-77.1393,-77.12,-77.1007,-77.0816,-77.0629,-77.0448,-77.0277,-77.012,-76.9983,-76.9874,-76.9802,-76.9783,-76.9834,-76.9977,-77.024,-77.065,-77.1235
5.645,-77.1288,-77.1792,-77.233,-77.275,-77.3034,-77.3199,-77.327,-77.327,-77.3217,-77.3125,-77.3005,-77.2865,-77.2709,-77.2542,-77.2367,-77.2187,-77.2001,-77.1812,-77.1621,-77.1429,-77.1236,-77.1043,-77.0852,-77.0666,-77.0485,-77.0315,-77.0158,-77.0021,-76.9912,-76.9841,-76.9822,-76.9873,-77.0016,-77.0278,-77.0688,-77.1272
5.65,-77.1321,-77.1824,-77.2362,-77.2782,-77.3065,-77.323,-77.3301,-77.3302,-77.3249,-77.3157,-77.3038,-77.2897,-77.2742,-77.2576,-77.2401,-77.2221,-77.2036,-77.1847,-77.1656,-77.1464,-77.1271,-77.1079,-77.0889,-77.0703,-77.0523,-77.0352,-77.0196,-77.0059,-76.9951,-76.988,-76.9861,-76.9911,-77.0055,-77.0317,-77.0725,-77.1309
5.655,-77.1353,-77.1856,-77.2394,-77.2813,-77.3097,-77.3262,-77.3333,-77.3333,-77.3281,-77.3189,-77.307,-77.293,-77.2775,-77.2609,-77.2435,-77.2254,-77.207,-77.1882,-77.1691,-77.1499,-77.1307,-77.1115,-77.0925,-77.0739,-77.056,-77.039,-77.0234,-77.0098,-76.9989,-76.9918,-76.9899,-76.995,-77.0093,-77.0355,-77.0763,-77.1346
5.66,-77.1386,-77.1888,-77.2425,-77.2845,-77.3128,-77.3293,-77.3364,-77.3365,-77.3312,-77.3221,-77.3102,-77.2962,-77.2808,-77.2642,-77.2468,-77.2288,-77.2104,-77.1916,-77.1726,-77.1535,-77.1343,-77.1151,-77.0962,-77.0776,-77.0597,-77.0427,-77.0271,-77.0136,-77.0027,-76.9957,-76.9938,-76.9989,-77.0132,-77.0393,-77.0801,-77.1383
5.665,-77.1419,-77.1921,-77.2457,-77.2876,-77.3159,-77.3324,-77.3396,-77.3396,-77.3344,-77.3253,-77.3134,-77.2995,-77.284,-77.2675,-77.2502,-77.2322,-77.2138,-77.1951,-77.1761,-77.157,-77.1378,-77.1187,-77.0998,-77.0813,-77.0634,-77.0464,-77.0309,-77.0174,-77.0066,-76.9995,-76.9977,-77.0028,-77.017,-77.0431,-77.0839,-77.142
5.67,-77.1452,-77.1953,-77.2489,-77.2907,-77.319,-77.3355,-77.3427,-77.3428,-77.3376,-77.3285,-77.3167,-77.3027,-77.2873,-77.2708,-77.2535,-77.2356,-77.2172,-77.1985,-77.1796,-77.1605,-77.1414,-77.1223,-77.1034,-77.0849,-77.0671,-77.0502,-77.0347,-77.0212,-77.0104,-77.0034,-77.0015,-77.0066,-77.0209,-77.047,-77.0876,-77.1457
5.675,-77.1484,-77.1985,-77.252,-77.2939,-77.3222,-77.3386,-77.3458,-77.3459,-77.3407,-77.3317,-77.3199,-77.306,-77.2906,-77.2741,-77.2568,-77.239,-77.2206,-77.202,-77.183,-77.164,-77.1449,-77.1259,-77.107,-77.0886,-77.0708,-77.0539,-77.0384,-77.0249,-77.0142,-77.0072,-77.0054,-77.0105,-77.0247,-77.0508,-77.0914,-77.1494
5.68,-77.1517,-77.2017,-77.2552,-77.297,-77.3253,-77.3418,-77.3489,-77.349,-77.3439,-77.3349,-77.3231,-77.3092,-77.2939,-77.2774,-77.2602,-77.2423,-77.224,-77.2054,-77.1865,-77.1675,-77.1484,-77.1294,-77.1106,-77.0922,-77.0744,-77.0576,-77.0422,-77.0287,-77.018,-77.0111,-77.0092,-77.0143,-77.0285,-77.0546,-77.0951,-77.153
5.685,-77.155,-77.2049,-77.2583,-77.3001,-77.3284,-77.3449,-77.352,-77.3522,-77.347,-77.3381,-77.3263,-77.3124,-77.2971,-77.2807,-77.2635,-77.2457,-77.2274,-77.2088,-77.19,-77.171,-77.152,-77.133,-77.1142,-77.0959,-77.0781,-77.0613,-77.0459,-77.0325,-77.0218,-77.0149,-77.0131,-77.0181,-77.0324,-77.0583,-77.0988,-77.1567
5.69,-77.1582,-77.2081,-77.2615,-77.3032,-77.3315,-77.348,-77.3552,-77.3553,-77.3502,-77.3412,-77.3295,-77.3157,-77.3004,-77.284,-77.2668,-77.249,-77.2308,-77.2122,-77.1934,-77.1745,-77.1555,-77.1366,-77.1178,-77.0995,-77.0818,-77.065,-77.0497,-77.0363,-77.0256,-77.0187,-77.0169,-77.022,-77.0362,-77.0621,-77.1026,-77.1603
5.695,-77.1614,-77.2113,-77.2646,-77.3063,-77.3346,-77.3511,-77.3583,-77.3584,-77.3533,-77.3444,-77.3327,-77.3189,-77.3036,-77.2873,-77.2701,-77.2524,-77.2342,-77.2156,-77.1969,-77.178,-77.159,-77.1401,-77.1214,-77.1031,-77.0854,-77.0687,-77.0534,-77.04,-77.0294,-77.0225,-77.0207,-77.0258,-77.04,-77.0659,-77.1063,-77.1639
5.7,-77.1647,-77.2145,-77.2678,-77.3094,-77.3377,-77.3541,-77.3614,-77.3615,-77.3565,-77.3476,-77.3358,-77.3221,-77.3069,-77.2906,-77.2734,-77.2557,-77.2375,-77.219,-77.2003,-77.1814,-77.1625,-77.1436,-77.125,-77.1067,-77.0891,-77.0724,-77.0571,-77.0438,-77.0332,-77.0263,-77.0245,-77.0296,-77.0438,-77.0697,-77.11,-77.1676
5.705,-77.1679,-77.2176,-77.2709,-77.3126,-77.3407,-77.3572,-77.3644,-77.3646,-77.3596,-77.3507,-77.339,-77.3253,-77.3101,-77.2938,-77.2767,-77.259,-77.2409,-77.2224,-77.2037,-77.1849,-77.166,-77.1472,-77.1286,-77.1103,-77.0927,-77.0761,-77.0608,-77.0475,-77.0369,-77.0301,-77.0283,-77.0334,-77.0476,-77.0734,-77.1137,-77.1712
5.71,-77.1712,-77.2208,-77.274,-77.3157,-77.3438,-77.3603,-77.3675,-77.3677,-77.3627,-77.3539,-77.3422,-77.3285,-77.3133,-77.2971,-77.28,-77.2624,-77.2443,-77.2258,-77.2072,-77.1884,-77.1695,-77.1507,-77.1321,-77.1139,-77.0964,-77.0798,-77.0645,-77.0512,-77.0407,-77.0339,-77.0321,-77.0372,-77.0514,-77.0772,-77.1174,-77.1748
5.715,-77.1744,-77.224,-77.2772,-77.3187,-77.3469,-77.3634,-77.3706,-77.3708,-77.3658,-77.357,-77.3454,-77.3317,-77.3166,-77.3003,-77.2833,-77.2657,-77.2476,-77.2292,-77.2106,-77.1918,-77.173,-77.1542,-77.1357,-77.1175,-77.1,-77.0834,-77.0682,-77.055,-77.0444,-77.0376,-77.0359,-77.041,-77.0551,-77.0809,-77.1211,-77.1784
5.72,-77.1776,-77.2271,-77.2803,-77.3218,-77.35,-77.3664,-77.3737,-77.3739,-77.3689,-77.3601,-77.3485,-77.3349,-77.3198,-77.3036,-77.2866,-77.269,-77.251,-77.2326,-77.214,-77.1953,-77.1765,-77.1578,-77.1392,-77.1211,-77.1036,-77.0871,-77.0719,-77.0587,-77.0482,-77.0414,-77.0397,-77.0448,-77.0589,-77.0847,-77.1248,-77.182
5.725,-77.1808,-77.2303,-77.2834,-77.3249,-77.353,-77.3695,-77.3768,-77.377,-77.3721,-77.3633,-77.3517,-77.3381,-77.323,-77.3068,-77.2899,-77.2723,-77.2543,-77.236,-77.2174,-77.1987,-77.18,-77.1613,-77.1428,-77.1247,-77.1072,-77.0907,-77.0756,-77.0624,-77.0519,-77.0452,-77.0435,-77.0486,-77.0627,-77.0884,-77.1284,-77.1856
5.73,-77.184,-77.2335,-77.2865,-77.328,-77.3561,-77.3726,-77.3798,-77.3801,-77.3752,-77.3664,-77.3548,-77.3413,-77.3262,-77.3101,-77.2931,-77.2756,-77.2576,-77.2393,-77.2208,-77.2021,-77.1834,-77.1648,-77.1463,-77.1283,-77.1108,-77.0944,-77.0793,-77.0661,-77.0557,-77.0489,-77.0472,-77.0523,-77.0664,-77.0921,-77.1321,-77.1892
5.735,-77.1872,-77.2366,-77.2896,-77.3311,-77.3592,-77.3756,-77.3829,-77.3832,-77.3783,-77.3695,-77.358,-77.3444,-77.3294,-77.3133,-77.2964,-77.2789,-77.261,-77.2427,-77.2242,-77.2056,-77.1869,-77.1683,-77.1499,-77.1318,-77.1145,-77.098,-77.0829,-77.0698,-77.0594,-77.0527,-77.051,-77.0561,-77.0702,-77.0958,-77.1357,-77.1928
5.74,-77.1904,-77.2398,-77.2927,-77.3341,-77.3622,-77.3787,-77.386,-77.3862,-77.3813,-77.3726,-77.3611,-77.3476,-77.3326,-77.3165,-77.2997,-77.2822,-77.2643,-77.2461,-77.2276,-77.209,-77.1904,-77.1718,-77.1534,-77.1354,-77.118,-77.1016,-77.0866,-77.0735,-77.0631,-77.0564,-77.0547,-77.0598,-77.0739,-77.0995,-77.1394,-77.1964
5.745,-77.1936,-77.2429,-77.2958,-77.3372,-77.3652,-77.3817,-77.389,-77.3893,-77.3844,-77.3757,-77.3643,-77.3508,-77.3358,-77.3198,-77.3029,-77.2855,-77.2676,-77.2494,-77.231,-77.2124,-77.1938,-77.1753,-77.1569,-77.139,-77.1216,-77.1053,-77.0903,-77.0772,-77.0668,-77.0602,-77.0585,-77.0636,-77.0777,-77.1032,-77.1431,-77.1999
5.75,-77.1968,-77.246,-77.2989,-77.3402,-77.3683,-77.3848,-77.3921,-77.3924,-77.3875,-77.3788,-77.3674,-77.3539,-77.339,-77.323,-77.3062,-77.2888,-77.2709,-77.2528,-77.2344,-77.2158,-77.1973,-77.1787,-77.1604,-77.1425,-77.1252,-77.1089,-77.0939,-77.0809,-77.0705,-77.0639,-77.0622,-77.0673,-77.0814,-77.1069,-77.1467,-77.2035
5.755,-77.2,-77.2492,-77.302,-77.3433,-77.3713,-77.3878,-77.3951,-77.3954,-77.3906,-77.382,-77.3705,-77.3571,-77.3422,-77.3262,-77.3094,-77.292,-77.2742,-77.2561,-77.2377,-77.2192,-77.2007,-77.1822,-77.1639,-77.1461,-77.1288,-77.1125,-77.0976,-77.0845,-77.0742,-77.0676,-77.066,-77.0711,-77.0851,-77.1106,-77.1503,-77.207
5.76,-77.2032,-77.2523,-77.305,-77.3463,-77.3744,-77.3908,-77.3981,-77.3985,-77.3937,-77.385,-77.3736,-77.3602,-77.3454,-77.3294,-77.3127,-77.2953,-77.2775,-77.2594,-77.2411,-77.2226,-77.2041,-77.1857,-77.1674,-77.1496,-77.1324,-77.1161,-77.1012,-77.0882,-77.0779,-77.0713,-77.0697,-77.0748,-77.0888,-77.1143,-77.1539,-77.2106
5.765,-77.2064,-77.2554,-77.3081,-77.3494,-77.3774,-77.3939,-77.4012,-77.4015,-77.3967,-77.3881,-77.3768,-77.3634,-77.3485,-77.3326,-77.3159,-77.2986,-77.2808,-77.2628,-77.2445,-77.226,-77.2076,-77.1891,-77.1709,-77.1531,-77.1359,-77.1197,-77.1048,-77.0919,-77.0816,-77.075,-77.0734,-77.0785,-77.0925,-77.118,-77.1576,-77.2141
5.77,-77.2095,-77.2585,-77.3112,-77.3524,-77.3804,-77.3969,-77.4042,-77.4046,-77.3998,-77.3912,-77.3799,-77.3665,-77.3517,-77.3358,-77.3191,-77.3018,-77.2841,-77.2661,-77.2478,-77.2294,-77.211,-77.1926,-77.1744,-77.1567,-77.1395,-77.1233,-77.1084,-77.0955,-77.0853,-77.0787,-77.0771,-77.0822,-77.0962,-77.1216,-77.1612,-77.2176
5.775,-77.2127,-77.2617,-77.3142,-77.3555,-77.3834,-77.3999,-77.4072,-77.4076,-77.4029,-77.3943,-77.383,-77.3697,-77.3549,-77.339,-77.3223,-77.3051,-77.2874,-77.2694,-77.2512,-77.2328,-77.2144,-77.1961,-77.1779,-77.1602,-77.1431,-77.1269,-77.1121,-77.0992,-77.089,-77.0824,-77.0808,-77.0859,-77.0999,-77.1253,-77.1648,-77.2212
5.78,-77.2159,-77.2648,-77.3173,-77.3585,-77.3864,-77.4029,-77.4102,-77.4107,-77.4059,-77.3974,-77.3861,-77.3728,-77.358,-77.3422,-77.3255,-77.3083,-77.2907,-77.2727,-77.2545,-77.2362,-77.2178,-77.1995,-77.1814,-77.1637,-77.1466,-77.1305,-77.1157,-77.1028,-77.0926,-77.0861,-77.0845,-77.0896,-77.1036,-77.1289,-77.1684,-77.2247
5.785,-77.219,-77.2679,-77.3204,-77.3615,-77.3895,-77.4059,-77.4133,-77.4137,-77.409,-77.4005,-77.3892,-77.3759,-77.3612,-77.3454,-77.3288,-77.3116,-77.294,-77.276,-77.2579,-77.2395,-77.2212,-77.2029,-77.1849,-77.1672,-77.1501,-77.134,-77.1193,-77.1064,-77.0963,-77.0898,-77.0882,-77.0933,-77.1073,-77.1326,-77.172,-77.2282
5.79,-77.2222,-77.271,-77.3234,-77.3645,-77.3925,-77.4089,-77.4163,-77.4167,-77.412,-77.4035,-77.3923,-77.379,-77.3643,-77.3485,-77.332,-77.3148,-77.2972,-77.2793,-77.2612,-77.2429,-77.2246,-77.2064,-77.1883,-77.1707,-77.1537,-77.1376,-77.1229,-77.1101,-77.0999,-77.0934,-77.0919,-77.097,-77.1109,-77.1362,-77.1755,-77.2317
5.795,-77.2253,-77.2741,-77.3265,-77.3675,-77.3955,-77.4119,-77.4193,-77.4197,-77.415,-77.4066,-77.3954,-77.3821,-77.3675,-77.3517,-77.3352,-77.318,-77.3005,-77.2826,-77.2645,-77.2463,-77.228,-77.2098,-77.1918,-77.1742,-77.1572,-77.1412,-77.1265,-77.1137,-77.1036,-77.0971,-77.0956,-77.1007,-77.1146,-77.1398,-77.1791,-77.2352
5.8,-77.2285,-77.2771,-77.3295,-77.3706,-77.3985,-77.4149,-77.4223,-77.4227,-77.4181,-77.4096,-77.3984,-77.3852,-77.3706,-77.3549,-77.3384,-77.3213,-77.3037,-77.2859,-77.2678,-77.2496,-77.2314,-77.2132,-77.1952,-77.1777,-77.1607,-77.1447,-77.13,-77.1173,-77.1072,-77.1007,-77.0992,-77.1043,-77.1182,-77.1435,-77.1827,-77.2387
5.805,-77.2316,-77.2802,-77.3325,-77.3736,-77.4014,-77.4179,-77.4253,-77.4257,-77.4211,-77.4127,-77.4015,-77.3884,-77.3737,-77.358,-77.3415,-77.3245,-77.307,-77.2892,-77.2711,-77.253,-77.2348,-77.2166,-77.1987,-77.1812,-77.1642,-77.1482,-77.1336,-77.1209,-77.1108,-77.1044,-77.1029,-77.108,-77.1219,-77.1471,-77.1862,-77.2422
5.81,-77.2348,-77.2833,-77.3356,-77.3766,-77.4044,-77.4209,-77.4283,-77.4287,-77.4241,-77.4157,-77.4046,-77.3914,-77.3768,-77.3612,-77.3447,-77.3277,-77.3102,-77.2924,-77.2745,-77.2563,-77.2381,-77.22,-77.2021,-77.1846,-77.1677,-77.1518,-77.1372,-77.1245,-77.1145,-77.108,-77.1065,-77.1116,-77.1255,-77.1507,-77.1898,-77.2456
5.815,-77.2379,-77.2864,-77.3386,-77.3796,-77.4074,-77.4239,-77.4312,-77.4317,-77.4271,-77.4188,-77.4077,-77.3945,-77.38,-77.3643,-77.3479,-77.3309,-77.3135,-77.2957,-77.2777,-77.2597,-77.2415,-77.2234,-77.2056,-77.1881,-77.1712,-77.1553,-77.1408,-77.1281,-77.1181,-77.1117,-77.1102,-77.1153,-77.1292,-77.1543,-77.1933,-77.2491
5.82,-77.241,-77.2895,-77.3416,-77.3825,-77.4104,-77.4268,-77.4342,-77.4347,-77.4302,-77.4218,-77.4107,-77.3976,-77.3831,-77.3675,-77.3511,-77.3341,-77.3167,-77.299,-77.2811,-77.263,-77.2449,-77.2268,-77.209,-77.1916,-77.1747,-77.1588,-77.1443,-77.1317,-77.1217,-77.1153,-77.1138,-77.1189,-77.1328,-77.1579,-77.1969,-77.2526
5.825,-77.2441,-77.2925,-77.3446,-77.3855,-77.4134,-77.4298,-77.4372,-77.4377,-77.4332,-77.4248,-77.4138,-77.4007,-77.3862,-77.3706,-77.3542,-77.3373,-77.3199,-77.3022,-77.2843,-77.2663,-77.2482,-77.2302,-77.2124,-77.195,-77.1782,-77.1624,-77.1479,-77.1353,-77.1253,-77.1189,-77.1175,-77.1226,-77.1364,-77.1615,-77.2004,-77.256
5.83,-77.2473,-77.2956,-77.3476,-77.3885,-77.4163,-77.4328,-77.4402,-77.4407,-77.4362,-77.4279,-77.4168,-77.4038,-77.3893,-77.3737,-77.3574,-77.3405,-77.3232,-77.3055,-77.2876,-77.2696,-77.2516,-77.2336,-77.2158,-77.1985,-77.1817,-77.1659,-77.1514,-77.1388,-77.1289,-77.1225,-77.1211,-77.1262,-77.14,-77.165,-77.2039,-77.2595
5.835,-77.2504,-77.2986,-77.3507,-77.3915,-77.4193,-77.4357,-77.4431,-77.4437,-77.4392,-77.4309,-77.4199,-77.4069,-77.3924,-77.3769,-77.3606,-77.3437,-77.3264,-77.3088,-77.2909,-77.2729,-77.2549,-77.237,-77.2192,-77.2019,-77.1852,-77.1694,-77.1549,-77.1424,-77.1325,-77.1262,-77.1247,-77.1298,-77.1436,-77.1686,-77.2075,-77.2629
5.84,-77.2535,-77.3017,-77.3537,-77.3945,-77.4222,-77.4387,-77.4461,-77.4467,-77.4422,-77.4339,-77.4229,-77.4099,-77.3955,-77.38,-77.3637,-77.3469,-77.3296,-77.312,-77.2942,-77.2762,-77.2583,-77.2403,-77.2226,-77.2053,-77.1886,-77.1729,-77.1585,-77.146,-77.1361,-77.1298,-77.1283,-77.1334,-77.1472,-77.1722,-77.211,-77.2664
5.845,-77.2566,-77.3047,-77.3567,-77.3974,-77.4252,-77.4416,-77.4491,-77.4496,-77.4451,-77.4369,-77.4259,-77.413,-77.3986,-77.3831,-77.3669,-77.35,-77.3328,-77.3152,-77.2974,-77.2795,-77.2616,-77.2437,-77.2261,-77.2088,-77.1921,-77.1764,-77.162,-77.1495,-77.1396,-77.1334,-77.1319,-77.137,-77.1508,-77.1758,-77.2145,-77.2698
5.85,-77.2597,-77.3078,-77.3596,-77.4004,-77.4281,-77.4446,-77.452,-77.4526,-77.4481,-77.4399,-77.429,-77.416,-77.4017,-77.3862,-77.37,-77.3532,-77.336,-77.3185,-77.3007,-77.2828,-77.2649,-77.2471,-77.2294,-77.2122,-77.1956,-77.1799,-77.1655,-77.1531,-77.1432,-77.1369,-77.1355,-77.1406,-77.1544,-77.1793,-77.218,-77.2732
5.855,-77.2628,-77.3108,-77.3626,-77.4034,-77.4311,-77.4475,-77.455,-77.4556,-77.4511,-77.4429,-77.432,-77.4191,-77.4047,-77.3893,-77.3731,-77.3564,-77.3392,-77.3217,-77.304,-77.2861,-77.2682,-77.2504,-77.2328,-77.2156,-77.199,-77.1834,-77.169,-77.1566,-77.1468,-77.1405,-77.1391,-77.1442,-77.158,-77.1828,-77.2215,-77.2766
5.86,-77.2659,-77.3139,-77.3656,-77.4063,-77.434,-77.4504,-77.4579,-77.4585,-77.4541,-77.4459,-77.435,-77.4221,-77.4078,-77.3924,-77.3763,-77.3595,-77.3424,-77.3249,-77.3072,-77.2894,-77.2716,-77.2538,-77.2362,-77.219,-77.2025,-77.1868,-77.1725,-77.1601,-77.1503,-77.1441,-77.1427,-77.1478,-77.1616,-77.1864,-77.225,-77.28
5.865,-77.2689,-77.3169,-77.3686,-77.4093,-77.437,-77.4534,-77.4608,-77.4615,-77.4571,-77.4489,-77.438,-77.4252,-77.4109,-77.3955,-77.3794,-77.3627,-77.3456,-77.3281,-77.3105,-77.2927,-77.2749,-77.2571,-77.2396,-77.2224,-77.2059,-77.1903,-77.176,-77.1637,-77.1539,-77.1477,-77.1463,-77.1514,-77.1651,-77.1899,-77.2285,-77.2834
5.87,-77.272,-77.3199,-77.3716,-77.4122,-77.4399,-77.4563,-77.4638,-77.4644,-77.46,-77.4519,-77.441,-77.4282,-77.4139,-77.3986,-77.3825,-77.3659,-77.3487,-77.3313,-77.3137,-77.296,-77.2782,-77.2605,-77.243,-77.2258,-77.2093,-77.1938,-77.1795,-77.1672,-77.1574,-77.1512,-77.1499,-77.155,-77.1687,-77.1935,-77.2319,-77.2868
5.875,-77.2751,-77.3229,-77.3746,-77.4151,-77.4428,-77.4592,-77.4667,-77.4674,-77.463,-77.4549,-77.444,-77.4312,-77.417,-77.4017,-77.3856,-77.369,-77.3519,-77.3345,-77.3169,-77.2992,-77.2815,-77.2638,-77.2463,-77.2292,-77.2128,-77.1972,-77.183,-77.1707,-77.161,-77.1548,-77.1534,-77.1585,-77.1722,-77.197,-77.2354,-77.2902
5.88,-77.2782,-77.3259,-77.3775,-77.4181,-77.4457,-77.4621,-77.4696,-77.4703,-77.4659,-77.4578,-77.4471,-77.4343,-77.4201,-77.4048,-77.3887,-77.3721,-77.3551,-77.3377,-77.3202,-77.3025,-77.2848,-77.2671,-77.2497,-77.2326,-77.2162,-77.2007,-77.1865,-77.1742,-77.1645,-77.1583,-77.157,-77.1621,-77.1758,-77.2005,-77.2389,-77.2936
5.885,-77.2812,-77.329,-77.3805,-77.421,-77.4487,-77.4651,-77.4725,-77.4732,-77.4689,-77.4608,-77.45,-77.4373,-77.4231,-77.4079,-77.3919,-77.3753,-77.3583,-77.3409,-77.3234,-77.3057,-77.288,-77.2704,-77.253,-77.236,-77.2196,-77.2041,-77.19,-77.1777,-77.168,-77.1619,-77.1605,-77.1656,-77.1793,-77.204,-77.2423,-77.297
5.89,-77.2843,-77.332,-77.3835,-77.4239,-77.4516,-77.468,-77.4755,-77.4762,-77.4718,-77.4638,-77.453,-77.4403,-77.4261,-77.4109,-77.395,-77.3784,-77.3614,-77.3441,-77.3266,-77.309,-77.2913,-77.2737,-77.2564,-77.2394,-77.223,-77.2076,-77.1934,-77.1812,-77.1715,-77.1654,-77.1641,-77.1692,-77.1828,-77.2075,-77.2458,-77.3004
5.895,-77.2874,-77.335,-77.3864,-77.4269,-77.4545,-77.4709,-77.4784,-77.4791,-77.4748,-77.4668,-77.456,-77.4433,-77.4292,-77.414,-77.398,-77.3815,-77.3646,-77.3473,-77.3298,-77.3122,-77.2946,-77.2771,-77.2597,-77.2428,-77.2264,-77.211,-77.1969,-77.1847,-77.175,-77.1689,-77.1676,-77.1727,-77.1864,-77.211,-77.2492,-77.3037
5.9,-77.2904,-77.338,-77.3894,-77.4298,-77.4574,-77.4738,-77.4813,-77.482,-77.4777,-77.4697,-77.459,-77.4463,-77.4322,-77.4171,-77.4011,-77.3846,-77.3677,-77.3505,-77.333,-77.3155,-77.2979,-77.2804,-77.263,-77.2461,-77.2298,-77.2144,-77.2004,-77.1882,-77.1786,-77.1725,-77.1712,-77.1763,-77.1899,-77.2145,-77.2526,-77.3071
5.905,-77.2935,-77.341,-77.3923,-77.4327,-77.4603,-77.4767,-77.4842,-77.4849,-77.4806,-77.4727,-77.462,-77.4493,-77.4352,-77.4201,-77.4042,-77.3877,-77.3709,-77.3537,-77.3363,-77.3187,-77.3011,-77.2837,-77.2664,-77.2495,-77.2332,-77.2178,-77.2038,-77.1917,-77.1821,-77.176,-77.1747,-77.1798,-77.1934,-77.2179,-77.2561,-77.3104
5.91,-77.2965,-77.3439,-77.3952,-77.4356,-77.4632,-77.4796,-77.4871,-77.4878,-77.4836,-77.4756,-77.465,-77.4523,-77.4383,-77.4232,-77.4073,-77.3909,-77.374,-77.3568,-77.3394,-77.3219,-77.3044,-77.2869,-77.2697,-77.2528,-77.2366,-77.2213,-77.2073,-77.1951,-77.1855,-77.1795,-77.1782,-77.1833,-77.1969,-77.2214,-77.2595,-77.3138
5.915,-77.2996,-77.3469,-77.3982,-77.4385,-77.4661,-77.4824,-77.49,-77.4907,-77.4865,-77.4786,-77.4679,-77.4553,-77.4413,-77.4262,-77.4104,-77.394,-77.3771,-77.36,-77.3426,-77.3252,-77.3077,-77.2902,-77.273,-77.2562,-77.24,-77.2247,-77.2107,-77.1986,-77.189,-77.183,-77.1817,-77.1868,-77.2004,-77.2249,-77.2629,-77.3171
5.92,-77.3026,-77.3499,-77.4011,-77.4414,-77.4689,-77.4853,-77.4929,-77.4936,-77.4894,-77.4815,-77.4709,-77.4583,-77.4443,-77.4293,-77.4134,-77.3971,-77.3803,-77.3631,-77.3458,-77.3284,-77.3109,-77.2935,-77.2763,-77.2595,-77.2433,-77.2281,-77.2141,-77.202,-77.1925,-77.1865,-77.1852,-77.1903,-77.2039,-77.2284,-77.2663,-77.3205
5.925,-77.3056,-77.3529,-77.404,-77.4443,-77.4718,-77.4882,-77.4957,-77.4965,-77.4923,-77.4844,-77.4738,-77.4613,-77.4473,-77.4323,-77.4165,-77.4002,-77.3834,-77.3663,-77.349,-77.3316,-77.3141,-77.2968,-77.2796,-77.2628,-77.2467,-77.2315,-77.2176,-77.2055,-77.196,-77.19,-77.1887,-77.1938,-77.2074,-77.2318,-77.2697,-77.3238
5.93,-77.3086,-77.3559,-77.407,-77.4472,-77.4747,-77.4911,-77.4986,-77.4994,-77.4952,-77.4874,-77.4768,-77.4643,-77.4503,-77.4353,-77.4196,-77.4032,-77.3865,-77.3694,-77.3522,-77.3348,-77.3174,-77.3,-77.2829,-77.2662,-77.2501,-77.2349,-77.221,-77.2089,-77.1995,-77.1935,-77.1922,-77.1973,-77.2109,-77.2353,-77.2731,-77.3271
5.935,-77.3117,-77.3588,-77.4099,-77.4501,-77.4776,-77.4939,-77.5015,-77.5023,-77.4981,-77.4903,-77.4797,-77.4672,-77.4533,-77.4384,-77.4226,-77.4063,-77.3896,-77.3726,-77.3554,-77.338,-77.3206,-77.3033,-77.2862,-77.2695,-77.2534,-77.2382,-77.2244,-77.2124,-77.2029,-77.197,-77.1957,-77.2008,-77.2143,-77.2387,-77.2765,-77.3304
5.94,-77.3147,-77.3618,-77.4128,-77.453,-77.4804,-77.4968,-77.5044,-77.5052,-77.501,-77.4932,-77.4827,-77.4702,-77.4563,-77.4414,-77.4257,-77.4094,-77.3927,-77.3757,-77.3585,-77.3412,-77.3238,-77.3066,-77.2895,-77.2728,-77.2568,-77.2416,-77.2278,-77.2158,-77.2064,-77.2004,-77.1992,-77.2043,-77.2178,-77.2421,-77.2799,-77.3337
5.945,-77.3177,-77.3648,-77.4157,-77.4559,-77.4833,-77.4997,-77.5072,-77.5081,-77.5039,-77.4961,-77.4856,-77.4732,-77.4593,-77.4444,-77.4287,-77.4125,-77.3958,-77.3788,-77.3617,-77.3444,-77.3271,-77.3098,-77.2928,-77.2761,-77.2601,-77.245,-77.2312,-77.2192,-77.2098,-77.2039,-77.2027,-77.2078,-77.2213,-77.2456,-77.2833,-77.337
5.95,-77.3207,-77.3677,-77.4186,-77.4587,-77.4862,-77.5025,-77.5101,-77.511,-77.5068,-77.499,-77.4886,-77.4761,-77.4623,-77.4474,-77.4318,-77.4155,-77.3989,-77.382,-77.3648,-77.3476,-77.3303,-77.3131,-77.2961,-77.2794,-77.2634,-77.2484,-77.2346,-77.2227,-77.2133,-77.2074,-77.2061,-77.2112,-77.2247,-77.249,-77.2866,-77.3403
5.955,-77.3237,-77.3707,-77.4215,-77.4616,-77.489,-77.5054,-77.5129,-77.5138,-77.5097,-77.5019,-77.4915,-77.4791,-77.4653,-77.4504,-77.4348,-77.4186,-77.402,-77.3851,-77.368,-77.3507,-77.3335,-77.3163,-77.2993,-77.2827,-77.2668,-77.2517,-77.238,-77.2261,-77.2167,-77.2108,-77.2096,-77.2147,-77.2282,-77.2524,-77.29,-77.3436
5.96,-77.3267,-77.3736,-77.4244,-77.4645,-77.4919,-77.5082,-77.5158,-77.5167,-77.5126,-77.5048,-77.4944,-77.482,-77.4682,-77.4534,-77.4378,-77.4217,-77.4051,-77.3882,-77.3711,-77.3539,-77.3367,-77.3195,-77.3026,-77.286,-77.2701,-77.2551,-77.2414,-77.2295,-77.2201,-77.2142,-77.2131,-77.2182,-77.2316,-77.2558,-77.2934,-77.3469
5.965,-77.3297,-77.3765,-77.4273,-77.4673,-77.4947,-77.5111,-77.5186,-77.5195,-77.5155,-77.5077,-77.4973,-77.485,-77.4712,-77.4564,-77.4408,-77.4247,-77.4082,-77.3913,-77.3743,-77.3571,-77.3399,-77.3228,-77.3059,-77.2893,-77.2734,-77.2584,-77.2447,-77.2329,-77.2236,-77.2177,-77.2165,-77.2216,-77.2351,-77.2592,-77.2967,-77.3502
5.97,-77.3327,-77.3795,-77.4302,-77.4702,-77.4976,-77.5139,-77.5215,-77.5224,-77.5183,-77.5106,-77.5003,-77.4879,-77.4742,-77.4594,-77.4439,-77.4278,-77.4112,-77.3944,-77.3774,-77.3603,-77.3431,-77.326,-77.3091,-77.2926,-77.2767,-77.2618,-77.2481,-77.2363,-77.227,-77.2211,-77.2199,-77.2251,-77.2385,-77.2626,-77.3,-77.3535
5.975,-77.3357,-77.3824,-77.4331,-77.473,-77.5004,-77.5167,-77.5243,-77.5253,-77.5212,-77.5135,-77.5032,-77.4909,-77.4771,-77.4624,-77.4469,-77.4308,-77.4143,-77.3975,-77.3805,-77.3634,-77.3463,-77.3292,-77.3124,-77.2959,-77.28,-77.2651,-77.2515,-77.2397,-77.2304,-77.2246,-77.2234,-77.2285,-77.2419,-77.266,-77.3034,-77.3567
5.98,-77.3387,-77.3853,-77.436,-77.4759,-77.5032,-77.5196,-77.5272,-77.5281,-77.5241,-77.5164,-77.5061,-77.4938,-77.4801,-77.4654,-77.4499,-77.4338,-77.4174,-77.4006,-77.3836,-77.3666,-77.3494,-77.3324,-77.3156,-77.2992,-77.2833,-77.2684,-77.2548,-77.243,-77.2338,-77.228,-77.2268,-77.2319,-77.2453,-77.2694,-77.3067,-77.36
5.985,-77.3417,-77.3883,-77.4388,-77.4787,-77.5061,-77.5224,-77.53,-77.5309,-77.5269,-77.5193,-77.509,-77.4967,-77.483,-77.4683,-77.4529,-77.4369,-77.4204,-77.4037,-77.3868,-77.3697,-77.3526,-77.3356,-77.3188,-77.3024,-77.2866,-77.2718,-77.2582,-77.2464,-77.2372,-77.2314,-77.2302,-77.2353,-77.2487,-77.2728,-77.3101,-77.3633
5.99,-77.3446,-77.3912,-77.4417,-77.4816,-77.5089,-77.5252,-77.5328,-77.5338,-77.5298,-77.5222,-77.5119,-77.4996,-77.486,-77.4713,-77.4559,-77.4399,-77.4235,-77.4068,-77.3899,-77.3728,-77.3558,-77.3388,-77.3221,-77.3057,-77.2899,-77.2751,-77.2615,-77.2498,-77.2406,-77.2348,-77.2337,-77.2388,-77.2521,-77.2761,-77.3134,-77.3665
5.995,-77.3476,-77.3941,-77.4446,-77.4844,-77.5117,-77.528,-77.5356,-77.5366,-77.5326,-77.525,-77.5148,-77.5026,-77.4889,-77.4743,-77.4589,-77.4429,-77.4265,-77.4099,-77.393,-77.376,-77.359,-77.342,-77.3253,-77.309,-77.2932,-77.2784,-77.2649,-77.2532,-77.244,-77.2382,-77.2371,-77.2422,-77.2555,-77.2795,-77.3167,-77.3697
6,-77.3506,-77.397,-77.4474,-77.4873,-77.5145,-77.5308,-77.5385,-77.5395,-77.5355,-77.5279,-77.5177,-77.5055,-77.4919,-77.4773,-77.4619,-77.4459,-77.4296,-77.4129,-77.3961,-77.3791,-77.3621,-77.3452,-77.3285,-77.3122,-77.2965,-77.2817,-77.2682,-77.2565,-77.2474,-77.2416,-77.2405,-77.2456,-77.2589,-77.2829,-77.32,-77.373
